15 217059  -1 -4.05 0  0 0 0   5.014069930120435e-05 6.188449922994721e-05 0   -7.89283213326053e-06 -0.0001768985902751985 0  
15 197526  -0.98 -4.05 0  0.02 0 0   2.520562680202731e-05 6.61275975312875e-05 0   1.779536809619342e-05 -0.0001796970285051838 0  
15 214298  -0.96 -4.05 0  0.04 0 0   1.053514559845592e-05 5.874293311039502e-05 0   3.35007064730386e-05 -0.0001713067040765986 0  
15 230511  -0.9399999999999999 -4.05 0  0.06 0 0   1.868751987127437e-06 5.042261583827756e-05 0   4.322455511136455e-05 -0.0001619562135332583 0  
15 239902  -0.92 -4.05 0  0.08 0 0   -3.512692487217528e-06 4.015594871260852e-05 0   4.993988747303141e-05 -0.0001501188730256703 0  
15 247437  -0.9 -4.05 0  0.1 0 0   -7.129735183006303e-06 3.239458897912051e-05 0   5.516170929169284e-05 -0.0001410592111533819 0  
15 260946  -0.88 -4.05 0  0.12 0 0   -6.60326166998515e-06 2.625308269114945e-05 0   5.494729997891981e-05 -0.0001334988609327098 0  
15 257133  -0.86 -4.05 0  0.14 0 0   -1.023130409920359e-05 2.075691212502506e-05 0   6.050250256505602e-05 -0.0001263436389708043 0  
15 218281  -0.84 -4.05 0  0.16 0 0   -8.100378736742686e-06 1.582784096385015e-05 0   5.876168258132457e-05 -0.0001197454431928827 0  
15 217376  -0.8200000000000001 -4.05 0  0.18 0 0   -8.697451593972505e-06 1.120162617512452e-05 0   6.037127417825999e-05 -0.0001131696687545775 0  
15 209861  -0.8 -4.05 0  0.2 0 0   -7.079960592831086e-06 7.09010835786561e-06 0   5.913428085245649e-05 -0.0001069525412221994 0  
15 226498  -0.78 -4.05 0  0.22 0 0   -7.604188674445456e-06 3.91297042486461e-06 0   6.067036642224202e-05 -0.0001022463861231455 0  
15 176927  -0.76 -4.05 0  0.24 0 0   -5.1784450370157e-06 4.089839298893061e-07 0   5.787715010388897e-05 -9.685563899643895e-05 0  
15 254821  -0.74 -4.05 0  0.26 0 0   -4.692302397760195e-06 -1.06640944677952e-06 0   5.783426618902188e-05 -9.385320182057379e-05 0  
15 218510  -0.72 -4.05 0  0.28 0 0   -3.4320852412284e-06 -3.884934719894373e-06 0   5.680902845270688e-05 -8.875021326397795e-05 0  
15 199276  -0.7 -4.05 0  0.3 0 0   -2.258306762162321e-06 -4.856532148735798e-06 0   5.541768290698301e-05 -8.684929321013581e-05 0  
15 241359  -0.6799999999999999 -4.05 0  0.32 0 0   -1.309982675543053e-06 -7.086985927017009e-06 0   5.471359799425618e-05 -8.287953209967953e-05 0  
15 234528  -0.6599999999999999 -4.05 0  0.34 0 0   -1.063917404384163e-07 -9.332726584113105e-06 0   5.306595817728896e-05 -7.87214354195237e-05 0  
15 193753  -0.64 -4.05 0  0.36 0 0   1.672214860928833e-06 -1.030778676802679e-05 0   5.097325421363208e-05 -7.616167221259282e-05 0  
15 200635  -0.62 -4.05 0  0.38 0 0   1.95152918732247e-06 -1.125269722637712e-05 0   5.044156064147598e-05 -7.436297171826284e-05 0  
15 187724  -0.6 -4.05 0  0.4 0 0   2.524509303304667e-06 -1.210147915564619e-05 0   5.016663354803427e-05 -7.196940658686299e-05 0  
15 241879  -0.5800000000000001 -4.05 0  0.42 0 0   4.215909453007816e-06 -1.312265492966341e-05 0   4.771191701850863e-05 -6.957182571663834e-05 0  
15 196046  -0.5600000000000001 -4.05 0  0.44 0 0   4.756708370579066e-06 -1.358159360582024e-05 0   4.694880702765802e-05 -6.823046391530533e-05 0  
15 238813  -0.54 -4.05 0  0.46 0 0   5.250792994765385e-06 -1.492631589050664e-05 0   4.631927877993616e-05 -6.521646689700705e-05 0  
15 235641  -0.52 -4.05 0  0.48 0 0   6.485796778980119e-06 -1.529018779855562e-05 0   4.4379709548098e-05 -6.376931033288957e-05 0  
15 177868  -0.5 -4.05 0  0.5 0 0   7.102237618392127e-06 -1.608486523302366e-05 0   4.372102626158669e-05 -6.182521667980403e-05 0  
15 208434  -0.48 -4.05 0  0.52 0 0   7.860047471511256e-06 -1.66147696554278e-05 0   4.269503828720211e-05 -6.042945121124618e-05 0  
15 199772  -0.46 -4.05 0  0.54 0 0   8.884516116650087e-06 -1.704544850066742e-05 0   4.071472252940508e-05 -5.884269131753786e-05 0  
15 219149  -0.4399999999999999 -4.05 0  0.5600000000000001 0 0   9.405148502367178e-06 -1.749213104169922e-05 0   3.993112070631299e-05 -5.760147097470456e-05 0  
15 219844  -0.42 -4.05 0  0.58 0 0   1.07230658439525e-05 -1.815650251439649e-05 0   3.771842534798162e-05 -5.570121893121519e-05 0  
15 192026  -0.4 -4.05 0  0.6 0 0   1.131335844158435e-05 -1.861907258683682e-05 0   3.639828982747277e-05 -5.414967340092516e-05 0  
15 181754  -0.38 -4.05 0  0.62 0 0   1.15634084236968e-05 -1.887723383415391e-05 0   3.6266592812223e-05 -5.337984384149244e-05 0  
15 247155  -0.36 -4.05 0  0.64 0 0   1.29661211647758e-05 -1.939178461935614e-05 0   3.336124428715559e-05 -5.17179652403249e-05 0  
15 224816  -0.34 -4.05 0  0.66 0 0   1.337662626580555e-05 -1.961889231060637e-05 0   3.256854087212158e-05 -5.083061613250783e-05 0  
15 175832  -0.32 -4.05 0  0.68 0 0   1.412463501417743e-05 -1.98211694975442e-05 0   3.109743566467871e-05 -5.004176605064373e-05 0  
15 251597  -0.3 -4.05 0  0.7 0 0   1.465788304894078e-05 -1.979808944650371e-05 0   3.018576789547492e-05 -4.965231865099867e-05 0  
15 223473  -0.28 -4.05 0  0.72 0 0   1.556411955929565e-05 -2.031030790873578e-05 0   2.828882385453625e-05 -4.820749355795295e-05 0  
15 228062  -0.26 -4.05 0  0.74 0 0   1.578687110994487e-05 -2.054022391478894e-05 0   2.807724977261714e-05 -4.751868791549874e-05 0  
15 189281  -0.24 -4.05 0  0.76 0 0   1.66439147282621e-05 -2.078931229790651e-05 0   2.619094361865082e-05 -4.656610235930295e-05 0  
15 255128  -0.22 -4.05 0  0.78 0 0   1.706523587814701e-05 -2.088019571645783e-05 0   2.533748013671192e-05 -4.593479346455195e-05 0  
15 231831  -0.2 -4.05 0  0.8 0 0   1.756740134058188e-05 -2.097348985810252e-05 0   2.424652139869019e-05 -4.557982176766652e-05 0  
15 223685  -0.18 -4.05 0  0.82 0 0   1.827710202625954e-05 -2.123918652871537e-05 0   2.270677729491154e-05 -4.461677828553057e-05 0  
15 192624  -0.16 -4.05 0  0.84 0 0   1.881701635435273e-05 -2.13896907220873e-05 0   2.145011380182485e-05 -4.402808722072955e-05 0  
15 217554  -0.14 -4.05 0  0.86 0 0   1.914757078186812e-05 -2.155686547650193e-05 0   2.075946520328228e-05 -4.35280063015818e-05 0  
15 252777  -0.12 -4.05 0  0.88 0 0   1.980690551156605e-05 -2.17403884423123e-05 0   1.924595366027215e-05 -4.291068402899681e-05 0  
15 237635  -0.09999999999999998 -4.05 0  0.9 0 0   2.045371907220817e-05 -2.195450323069781e-05 0   1.78036080161828e-05 -4.225755173533144e-05 0  
15 211044  -0.07999999999999996 -4.05 0  0.92 0 0   2.112955133719285e-05 -2.198304340345417e-05 0   1.628540646954682e-05 -4.213197782838244e-05 0  
15 178645  -0.06000000000000005 -4.05 0  0.9399999999999999 0 0   2.152005722491634e-05 -2.201418599912658e-05 0   1.537792910567305e-05 -4.197816864431533e-05 0  
15 249488  -0.04000000000000004 -4.05 0  0.96 0 0   2.207383039293243e-05 -2.212172750699209e-05 0   1.40727217541603e-05 -4.165099710807564e-05 0  
15 241994  -0.02000000000000002 -4.05 0  0.98 0 0   2.265634852318191e-05 -2.214803009951971e-05 0   1.274004711657173e-05 -4.158031419543989e-05 0  
15 238899  0 -4.05 0  1 0 0   2.340645478745434e-05 -2.242536975833459e-05 0   1.1009434732423e-05 -4.09382660572187e-05 0  
15 182256  0.02000000000000002 -4.05 0  1.02 0 0   2.376686721635574e-05 -2.228010511360831e-05 0   1.019122992428415e-05 -4.129051485365388e-05 0  
15 176982  0.04000000000000004 -4.05 0  1.04 0 0   2.422971736144516e-05 -2.291840617345275e-05 0   9.092984832774834e-06 -3.989898348059559e-05 0  
15 241583  0.06000000000000005 -4.05 0  1.06 0 0   2.478554687191086e-05 -2.266167623470039e-05 0   7.842346453652317e-06 -4.05486471151302e-05 0  
15 180077  0.08000000000000007 -4.05 0  1.08 0 0   2.523506594707958e-05 -2.277893472822645e-05 0   6.729749088402875e-06 -4.045932517755119e-05 0  
15 224566  0.1000000000000001 -4.05 0  1.1 0 0   2.56972686723117e-05 -2.28683167156768e-05 0   5.661826326471345e-06 -4.039567470977973e-05 0  
15 208937  0.1200000000000001 -4.05 0  1.12 0 0   2.622718858363848e-05 -2.298043642830552e-05 0   4.523113201489182e-06 -4.039000235914279e-05 0  
15 200405  0.1399999999999999 -4.05 0  1.14 0 0   2.688640459076047e-05 -2.299545260033009e-05 0   2.990621484649791e-06 -4.049485179319703e-05 0  
15 236887  0.1599999999999999 -4.05 0  1.16 0 0   2.751686596621714e-05 -2.327145990881074e-05 0   1.558599849322152e-06 -4.012820371251599e-05 0  
15 262836  0.1799999999999999 -4.05 0  1.18 0 0   2.816213220395436e-05 -2.336454538694188e-05 0   2.056633391679663e-07 -4.026814628213179e-05 0  
15 208259  0.2 -4.05 0  1.2 0 0   2.870937793636452e-05 -2.331132439761796e-05 0   -1.092580749019467e-06 -4.073902994585626e-05 0  
15 200722  0.22 -4.05 0  1.22 0 0   2.918462612649594e-05 -2.324412710015544e-05 0   -2.05463050432543e-06 -4.119109912487096e-05 0  
15 210332  0.24 -4.05 0  1.24 0 0   2.973839020212199e-05 -2.354676926084875e-05 0   -3.098763872951861e-06 -4.118765774895408e-05 0  
15 253143  0.26 -4.05 0  1.26 0 0   3.039154423787813e-05 -2.358022258244774e-05 0   -4.468472611948368e-06 -4.131741056954616e-05 0  
15 195565  0.28 -4.05 0  1.28 0 0   3.101247661278089e-05 -2.341187236488615e-05 0   -5.791099502099051e-06 -4.215187595501234e-05 0  
15 249356  0.3 -4.05 0  1.3 0 0   3.143120674065081e-05 -2.385579257575821e-05 0   -6.863462676670595e-06 -4.203842195899497e-05 0  
15 251052  0.3200000000000001 -4.05 0  1.32 0 0   3.213981283817224e-05 -2.391202099103623e-05 0   -8.353923983926703e-06 -4.220791518122664e-05 0  
15 247947  0.3400000000000001 -4.05 0  1.34 0 0   3.271191481228532e-05 -2.387919568672126e-05 0   -9.248295497326156e-06 -4.318682421091194e-05 0  
15 247391  0.3600000000000001 -4.05 0  1.36 0 0   3.346573200957437e-05 -2.391016192860099e-05 0   -1.082478281130145e-05 -4.342271104549201e-05 0  
15 252059  0.3799999999999999 -4.05 0  1.38 0 0   3.430950745528238e-05 -2.417387335764201e-05 0   -1.228753941379113e-05 -4.371082115886202e-05 0  
15 187375  0.3999999999999999 -4.05 0  1.4 0 0   3.453329359773966e-05 -2.41406553999346e-05 0   -1.236991498361137e-05 -4.426128839680847e-05 0  
15 244086  0.4199999999999999 -4.05 0  1.42 0 0   3.570881725663277e-05 -2.436874619606705e-05 0   -1.483966277438312e-05 -4.49758084086517e-05 0  
15 197696  0.4399999999999999 -4.05 0  1.44 0 0   3.621552814704436e-05 -2.415523297404076e-05 0   -1.561749191391606e-05 -4.661073031902996e-05 0  
15 228845  0.46 -4.05 0  1.46 0 0   3.714078655635278e-05 -2.468700470075434e-05 0   -1.718018552252648e-05 -4.64925054356061e-05 0  
15 222254  0.48 -4.05 0  1.48 0 0   3.775545500344507e-05 -2.449307522781052e-05 0   -1.850680291477346e-05 -4.791748946441493e-05 0  
15 258023  0.5 -4.05 0  1.5 0 0   3.834351848581302e-05 -2.459048840419698e-05 0   -1.96855197228691e-05 -4.833328622137409e-05 0  
15 219790  0.52 -4.05 0  1.52 0 0   3.953890502169516e-05 -2.470755931907598e-05 0   -2.102120808216909e-05 -4.915971406336053e-05 0  
15 265395  0.54 -4.05 0  1.54 0 0   4.003152648918498e-05 -2.47442831630279e-05 0   -2.203715052219793e-05 -5.060479382528252e-05 0  
15 207328  0.5600000000000001 -4.05 0  1.56 0 0   4.096812084022905e-05 -2.468408902003144e-05 0   -2.320716296216538e-05 -5.207328189985733e-05 0  
15 190591  0.5800000000000001 -4.05 0  1.58 0 0   4.205534722873799e-05 -2.482606835458451e-05 0   -2.468254098116421e-05 -5.248521243701905e-05 0  
15 196419  0.6000000000000001 -4.05 0  1.6 0 0   4.268767737135651e-05 -2.505264243578276e-05 0   -2.59494063752962e-05 -5.420789862621914e-05 0  
15 188972  0.6200000000000001 -4.05 0  1.62 0 0   4.381221149229314e-05 -2.513527679878086e-05 0   -2.795793580311935e-05 -5.514512753207121e-05 0  
15 187188  0.6399999999999999 -4.05 0  1.64 0 0   4.502097556705054e-05 -2.520649322139412e-05 0   -2.828957783729269e-05 -5.764587160892592e-05 0  
15 259563  0.6599999999999999 -4.05 0  1.66 0 0   4.560384607871226e-05 -2.527965040111102e-05 0   -2.986877419591458e-05 -5.838645931023623e-05 0  
15 261788  0.6799999999999999 -4.05 0  1.68 0 0   4.722613253159424e-05 -2.52630092152234e-05 0   -3.170064619062093e-05 -6.039250107524666e-05 0  
15 203552  0.7 -4.05 0  1.7 0 0   4.809203332807946e-05 -2.547839270411467e-05 0   -3.206515963523988e-05 -6.242940574070072e-05 0  
15 225550  0.72 -4.05 0  1.72 0 0   4.967835523810894e-05 -2.560910953174067e-05 0   -3.32900477722697e-05 -6.502986032608932e-05 0  
15 214832  0.74 -4.05 0  1.74 0 0   5.129419259114476e-05 -2.623335261870557e-05 0   -3.504915966197342e-05 -6.648859387386324e-05 0  
15 218645  0.76 -4.05 0  1.76 0 0   5.27033866466603e-05 -2.551452927488946e-05 0   -3.681366528876864e-05 -6.9722187035548e-05 0  
15 255048  0.78 -4.05 0  1.78 0 0   5.41091907486288e-05 -2.550097230313159e-05 0   -3.747463998941825e-05 -7.142048220383501e-05 0  
15 241644  0.8 -4.05 0  1.8 0 0   5.597468361609459e-05 -2.632974629793172e-05 0   -3.926868748130308e-05 -7.394584217661204e-05 0  
15 179527  0.8200000000000001 -4.05 0  1.82 0 0   5.819258022443652e-05 -2.705860232204288e-05 0   -3.962130444355033e-05 -7.724824989191557e-05 0  
15 237365  0.8400000000000001 -4.05 0  1.84 0 0   5.971361285233082e-05 -2.696861742006174e-05 0   -4.111597384583859e-05 -8.234253558930468e-05 0  
15 242108  0.8600000000000001 -4.05 0  1.86 0 0   6.193998341832985e-05 -2.730807126571921e-05 0   -4.252125907781065e-05 -8.439699662861344e-05 0  
15 225790  0.8799999999999999 -4.05 0  1.88 0 0   6.476433744480314e-05 -2.758494428090064e-05 0   -4.200451539385086e-05 -9.06985915293361e-05 0  
15 188266  0.8999999999999999 -4.05 0  1.9 0 0   6.714378762658069e-05 -2.93275733075464e-05 0   -4.297372004365488e-05 -9.502653297315672e-05 0  
15 259548  0.9199999999999999 -4.05 0  1.92 0 0   7.312953294648372e-05 -2.990887565902656e-05 0   -3.975800554495597e-05 -0.0001006698939813415 0  
15 251387  0.9399999999999999 -4.05 0  1.94 0 0   7.963370204142062e-05 -2.998189732499046e-05 0   -3.820115292500759e-05 -0.0001051849615240439 0  
15 237118  0.96 -4.05 0  1.96 0 0   8.817193865987699e-05 -2.778111632681379e-05 0   -3.643243546785739e-05 -0.0001130398380432829 0  
15 237519  0.98 -4.05 0  1.98 0 0   9.919262768706694e-05 -2.324789535596006e-05 0   -2.951237034655441e-05 -0.0001181748299809784 0  
15 215841  1 -4.05 0  2 0 0   0.0001096255565441462 -1.218661758967121e-05 0   -2.179257671332258e-05 -0.0001243881642933042 0  
