15 236865  -5 -4.05 0  0 0 0   -5.731072607383786e-05 3.659411693945902e-05 0   -9.561589771943727e-05 -0.0001788822487806124 0  
15 224501  -4.9 -4.05 0  0.1 0 0   -6.438105753260245e-05 1.835483877691679e-05 0   1.832023516545097e-05 -0.0001589294927472383 0  
15 232276  -4.8 -4.05 0  0.2 0 0   -6.542307262137961e-05 8.234196453862919e-06 0   2.591232394447834e-05 -0.0001168029043911575 0  
15 241401  -4.7 -4.05 0  0.3 0 0   -6.511133526989829e-05 1.917526603688324e-06 0   3.074946896705231e-05 -9.815630345077e-05 0  
15 244029  -4.6 -4.05 0  0.4 0 0   -6.309792722323376e-05 -7.09405703414219e-06 0   2.720398872736469e-05 -7.717510531216314e-05 0  
15 233167  -4.5 -4.05 0  0.5 0 0   -6.118044745552845e-05 -1.057428728190417e-05 0   2.568345808200449e-05 -6.999528561404261e-05 0  
15 252923  -4.4 -4.05 0  0.6 0 0   -6.034027119332201e-05 -1.441646853870063e-05 0   2.517223505408075e-05 -6.328495958221429e-05 0  
15 221401  -4.3 -4.05 0  0.7000000000000001 0 0   -5.97044901393352e-05 -1.812318959295775e-05 0   2.457382163881206e-05 -5.723589671532102e-05 0  
15 238497  -4.2 -4.05 0  0.8 0 0   -5.732515943824776e-05 -2.255233183567559e-05 0   2.180405649408659e-05 -5.083584118014892e-05 0  
15 260601  -4.1 -4.05 0  0.8999999999999999 0 0   -5.494845665841917e-05 -2.517785020398483e-05 0   1.980955987268551e-05 -4.74075177062782e-05 0  
15 224174  -4 -4.05 0  1 0 0   -5.204300503564496e-05 -2.867475617495882e-05 0   1.71864461243061e-05 -4.300095534325987e-05 0  
15 233459  -3.9 -4.05 0  1.1 0 0   -5.142313306534876e-05 -3.223207899953444e-05 0   1.682290243943015e-05 -3.934292407761601e-05 0  
15 221539  -3.8 -4.05 0  1.2 0 0   -4.960172587036276e-05 -3.370281627181927e-05 0   1.552248155254612e-05 -3.74634373174771e-05 0  
15 235920  -3.7 -4.05 0  1.3 0 0   -4.858436123448499e-05 -3.595609709701117e-05 0   1.474119439643295e-05 -3.520216450859232e-05 0  
15 248453  -3.6 -4.05 0  1.4 0 0   -4.52273127755109e-05 -3.851170075613516e-05 0   1.232156148158305e-05 -3.291188647383536e-05 0  
15 259549  -3.5 -4.05 0  1.5 0 0   -4.431170660341814e-05 -4.15494787650017e-05 0   1.175344514250855e-05 -3.032015178234659e-05 0  
15 256798  -3.4 -4.05 0  1.6 0 0   -4.272918487054165e-05 -4.221704892585706e-05 0   1.076357933922894e-05 -2.976224795367237e-05 0  
15 246569  -3.3 -4.05 0  1.7 0 0   -3.92388394420567e-05 -4.440112715510189e-05 0   8.495515721217324e-06 -2.807480154762461e-05 0  
15 243217  -3.2 -4.05 0  1.8 0 0   -3.808546419754519e-05 -4.655271883055243e-05 0   7.83817899494433e-06 -2.648215879080731e-05 0  
15 226268  -3.1 -4.05 0  1.9 0 0   -3.629110683693593e-05 -4.721191282681253e-05 0   6.811271761515865e-06 -2.602386773419441e-05 0  
15 248611  -3 -4.05 0  2 0 0   -3.3843263602399e-05 -5.031935642106286e-05 0   5.422282903727073e-06 -2.414385404625463e-05 0  
15 254179  -2.9 -4.05 0  2.1 0 0   -3.137464934445909e-05 -5.057221775722071e-05 0   4.099570212065962e-06 -2.393600404386985e-05 0  
15 232326  -2.8 -4.05 0  2.2 0 0   -2.901115001694397e-05 -5.322351438592776e-05 0   2.858049127521176e-06 -2.249675591253688e-05 0  
15 223769  -2.7 -4.05 0  2.3 0 0   -2.715909756764896e-05 -5.395574654767053e-05 0   1.928118713047204e-06 -2.212908763524635e-05 0  
15 245096  -2.6 -4.05 0  2.4 0 0   -2.490274588844241e-05 -5.383640228577048e-05 0   8.15120222326382e-07 -2.220483154831594e-05 0  
15 232209  -2.5 -4.05 0  2.5 0 0   -2.351084302382959e-05 -5.475035517331361e-05 0   1.425159450100903e-07 -2.180377027184884e-05 0  
15 258689  -2.4 -4.05 0  2.6 0 0   -1.98721065243412e-05 -5.576083183880809e-05 0   -1.555275797144977e-06 -2.141724673633983e-05 0  
15 245365  -2.3 -4.05 0  2.7 0 0   -1.831323295030385e-05 -5.645027984879994e-05 0   -2.264922226527001e-06 -2.117993665745003e-05 0  
15 241143  -2.2 -4.05 0  2.8 0 0   -1.643526281530465e-05 -5.722320041419079e-05 0   -3.069511560722243e-06 -2.100098754986759e-05 0  
15 240282  -2.1 -4.05 0  2.9 0 0   -1.328683936631901e-05 -5.78453287618276e-05 0   -4.462568490861372e-06 -2.091868320286579e-05 0  
15 248110  -2 -4.05 0  3 0 0   -1.10589942464304e-05 -5.801385271755541e-05 0   -5.375425715286111e-06 -2.093594423000725e-05 0  
15 224266  -1.9 -4.05 0  3.1 0 0   -9.993127820883893e-06 -5.832363525596664e-05 0   -5.830321923288445e-06 -2.101388227968666e-05 0  
15 237672  -1.8 -4.05 0  3.2 0 0   -7.060733113383941e-06 -5.96657457342057e-05 0   -6.926471280003718e-06 -2.073247655579556e-05 0  
15 237442  -1.7 -4.05 0  3.3 0 0   -4.356303916612861e-06 -5.881022616257767e-05 0   -8.055155469972267e-06 -2.13284501093744e-05 0  
15 250591  -1.6 -4.05 0  3.4 0 0   -3.017333637494492e-06 -5.872107224036763e-05 0   -8.559561104971077e-06 -2.162118647260677e-05 0  
15 225287  -1.5 -4.05 0  3.5 0 0   2.741003904665335e-07 -5.879811139063856e-05 0   -9.780841951320327e-06 -2.206122732910506e-05 0  
15 248881  -1.4 -4.05 0  3.6 0 0   2.460178388162884e-06 -5.863383275145698e-05 0   -1.051755589001613e-05 -2.229477638264303e-05 0  
15 248763  -1.3 -4.05 0  3.7 0 0   3.472578069789109e-06 -5.828203425152501e-05 0   -1.08588077950846e-05 -2.282094839736737e-05 0  
15 246356  -1.2 -4.05 0  3.8 0 0   6.100432035898579e-06 -5.91436266811924e-05 0   -1.164738302127967e-05 -2.292133705702158e-05 0  
15 249072  -1.1 -4.05 0  3.9 0 0   8.747189412618324e-06 -5.767340361440693e-05 0   -1.256195793708807e-05 -2.38023080778799e-05 0  
15 223025  -1 -4.05 0  4 0 0   1.027954607933559e-05 -5.689523748694976e-05 0   -1.29669900837022e-05 -2.437918404636554e-05 0  
15 229164  -0.9000000000000004 -4.05 0  4.1 0 0   1.246212057004308e-05 -5.749388377505188e-05 0   -1.347831114722683e-05 -2.484364376859841e-05 0  
15 252757  -0.7999999999999998 -4.05 0  4.2 0 0   1.474759574707045e-05 -5.57465849865546e-05 0   -1.422720834891571e-05 -2.58842467417324e-05 0  
15 225087  -0.7000000000000002 -4.05 0  4.3 0 0   1.599736999340767e-05 -5.505875070598194e-05 0   -1.452661247875343e-05 -2.654366252602229e-05 0  
15 234981  -0.5999999999999996 -4.05 0  4.4 0 0   1.814999894761762e-05 -5.526040018641321e-05 0   -1.485891261799981e-05 -2.716173255925235e-05 0  
15 221740  -0.5 -4.05 0  4.5 0 0   2.041684279557171e-05 -5.34384164403677e-05 0   -1.543597428204464e-05 -2.819742959905315e-05 0  
15 243950  -0.3999999999999995 -4.05 0  4.600000000000001 0 0   2.135401289310185e-05 -5.24162707819676e-05 0   -1.55843303186777e-05 -2.904050589753971e-05 0  
15 227216  -0.3000000000000007 -4.05 0  4.699999999999999 0 0   2.346146152703253e-05 -5.24647212409371e-05 0   -1.576202157365942e-05 -2.98069850781452e-05 0  
15 250521  -0.2000000000000002 -4.05 0  4.8 0 0   2.542919937669613e-05 -5.047881258996717e-05 0   -1.618157145721281e-05 -3.090987933156066e-05 0  
15 228078  -0.09999999999999964 -4.05 0  4.9 0 0   2.64273508834012e-05 -4.965820961452296e-05 0   -1.626967105647316e-05 -3.168612135249094e-05 0  
15 234711  0 -4.05 0  5 0 0   2.85716081140871e-05 -4.815066097457223e-05 0   -1.618431687010744e-05 -3.27960632895306e-05 0  
15 255634  0.09999999999999964 -4.05 0  5.1 0 0   2.99307845065943e-05 -4.699114646400382e-05 0   -1.630626210998628e-05 -3.384860384347387e-05 0  
15 249164  0.2000000000000002 -4.05 0  5.2 0 0   3.083466351953314e-05 -4.594221313130274e-05 0   -1.62364875248293e-05 -3.458787417249913e-05 0  
15 221127  0.3000000000000007 -4.05 0  5.300000000000001 0 0   3.17470269980448e-05 -4.480859315428125e-05 0   -1.589475084092743e-05 -3.582190237546787e-05 0  
15 232402  0.4000000000000004 -4.05 0  5.4 0 0   3.34331071472683e-05 -4.418223321001405e-05 0   -1.567559398203201e-05 -3.6260749456468e-05 0  
15 222355  0.5 -4.05 0  5.5 0 0   3.482693975359781e-05 -4.241975804628387e-05 0   -1.56797942032303e-05 -3.741817042380701e-05 0  
15 233383  0.6000000000000005 -4.05 0  5.600000000000001 0 0   3.551457543292738e-05 -4.117581313543492e-05 0   -1.546522949583779e-05 -3.835834908612551e-05 0  
15 243383  0.6999999999999993 -4.05 0  5.699999999999999 0 0   3.752836264225325e-05 -3.99152769154365e-05 0   -1.504780403329894e-05 -3.958776829979596e-05 0  
15 259760  0.7999999999999998 -4.05 0  5.8 0 0   3.816968681004222e-05 -3.878827003453607e-05 0   -1.476835047338866e-05 -4.033193420669833e-05 0  
15 251733  0.8999999999999995 -4.05 0  5.899999999999999 0 0   3.864781415769715e-05 -3.736747637036152e-05 0   -1.415573359690291e-05 -4.151574018834096e-05 0  
15 236636  1 -4.05 0  6 0 0   4.051102277836081e-05 -3.56571645908129e-05 0   -1.356432657963419e-05 -4.248036790291572e-05 0  
15 255468  1.1 -4.05 0  6.1 0 0   4.098966098682946e-05 -3.457232499302562e-05 0   -1.316526165663244e-05 -4.333688537142564e-05 0  
15 231337  1.2 -4.05 0  6.2 0 0   4.18753314554432e-05 -3.383269482672493e-05 0   -1.219747000660073e-05 -4.444709458623335e-05 0  
15 237377  1.3 -4.05 0  6.3 0 0   4.301300785563081e-05 -3.170361441586639e-05 0   -1.16945686856381e-05 -4.501325063842928e-05 0  
15 259380  1.4 -4.05 0  6.4 0 0   4.371209659553583e-05 -3.091083642533729e-05 0   -1.117714182209445e-05 -4.554398149475211e-05 0  
15 222720  1.5 -4.05 0  6.5 0 0   4.402889670137786e-05 -2.927857542588466e-05 0   -1.043085336680698e-05 -4.648767258901053e-05 0  
15 253656  1.600000000000001 -4.05 0  6.600000000000001 0 0   4.560909461742702e-05 -2.791217273791224e-05 0   -9.412095365239452e-06 -4.732350549609739e-05 0  
15 237441  1.7 -4.05 0  6.7 0 0   4.60805992506582e-05 -2.677611139620395e-05 0   -8.924972009064815e-06 -4.802645748288063e-05 0  
15 237671  1.800000000000001 -4.05 0  6.800000000000001 0 0   4.654038882457613e-05 -2.570869842114312e-05 0   -7.678622598870141e-06 -4.909506324519541e-05 0  
15 224265  1.899999999999999 -4.05 0  6.899999999999999 0 0   4.787187869907325e-05 -2.390626083221062e-05 0   -6.782276178489682e-06 -4.9364572713405e-05 0  
15 248109  2 -4.05 0  7 0 0   4.812560235454774e-05 -2.254198914325607e-05 0   -6.323322748737811e-06 -4.997800923314854e-05 0  
15 240281  2.1 -4.05 0  7.1 0 0   4.895564736482477e-05 -2.185022439877768e-05 0   -5.531263955852427e-06 -5.028771889197068e-05 0  
15 241142  2.199999999999999 -4.05 0  7.199999999999999 0 0   4.958835772552882e-05 -2.025364343216304e-05 0   -4.078299453984691e-06 -5.088036261094529e-05 0  
15 245366  2.3 -4.05 0  7.3 0 0   5.045381356317061e-05 -1.844656009621082e-05 0   -3.5027206592461e-06 -5.153466202683374e-05 0  
15 258688  2.4 -4.05 0  7.4 0 0   5.091659475115438e-05 -1.733017538720419e-05 0   -2.865719223843141e-06 -5.182351155681849e-05 0  
15 232208  2.5 -4.05 0  7.5 0 0   5.203374830980122e-05 -1.550637411478623e-05 0   -1.39110141469099e-06 -5.238386197741526e-05 0  
15 245095  2.6 -4.05 0  7.6 0 0   5.244943087416749e-05 -1.414967339474771e-05 0   -8.174729682157694e-07 -5.271818673251161e-05 0  
15 223770  2.7 -4.05 0  7.7 0 0   5.283666164412545e-05 -1.291483614815347e-05 0   3.130103405201562e-07 -5.362265502769671e-05 0  
15 232327  2.800000000000001 -4.05 0  7.800000000000001 0 0   5.343714604010355e-05 -1.18336067394028e-05 0   1.054972311861566e-06 -5.39111596594131e-05 0  
15 254178  2.9 -4.05 0  7.9 0 0   5.456890421085339e-05 -9.28657124804784e-06 0   1.741859040052616e-06 -5.404136719106825e-05 0  
15 248610  3 -4.05 0  8 0 0   5.524885261821294e-05 -8.171952576577907e-06 0   2.816585389947123e-06 -5.468967526865492e-05 0  
15 226269  3.100000000000001 -4.05 0  8.100000000000001 0 0   5.633013790211534e-05 -5.680682138946985e-06 0   3.581600067579073e-06 -5.455110143602745e-05 0  
15 243218  3.199999999999999 -4.05 0  8.199999999999999 0 0   5.689253555589673e-05 -4.858099446669595e-06 0   4.314503231834621e-06 -5.474990443767253e-05 0  
15 246568  3.299999999999999 -4.05 0  8.299999999999999 0 0   5.719055993818126e-05 -2.224231015096265e-06 0   4.834467602598137e-06 -5.540361639341492e-05 0  
15 256797  3.4 -4.05 0  8.4 0 0   5.905586226814113e-05 1.166246562222389e-07 0   5.632523194868278e-06 -5.585975642018095e-05 0  
15 259550  3.5 -4.05 0  8.5 0 0   5.954980907574205e-05 9.015843427002956e-07 0   6.271122291937829e-06 -5.606501788033447e-05 0  
15 248452  3.6 -4.05 0  8.6 0 0   5.979726340988797e-05 4.138950856944282e-06 0   6.674991408361572e-06 -5.67840432465082e-05 0  
15 235919  3.699999999999999 -4.05 0  8.699999999999999 0 0   6.155691542346787e-05 6.69915661065737e-06 0   7.408038810736723e-06 -5.73137106569567e-05 0  
15 221540  3.800000000000001 -4.05 0  8.800000000000001 0 0   6.210939448358585e-05 9.264413578270736e-06 0   7.596132774490743e-06 -5.811186998918899e-05 0  
15 233460  3.9 -4.05 0  8.9 0 0   6.286286032345517e-05 1.160371757306759e-05 0   8.153982899897216e-06 -5.930770087168814e-05 0  
15 224173  4 -4.05 0  9 0 0   6.297931858311075e-05 1.502368911278015e-05 0   8.485240570826631e-06 -6.015425955505907e-05 0  
15 260600  4.1 -4.05 0  9.1 0 0   6.499864120997588e-05 1.931548479530351e-05 0   8.525183234782494e-06 -6.205927143558792e-05 0  
15 238498  4.200000000000001 -4.05 0  9.200000000000001 0 0   6.627668110994328e-05 2.241452783079134e-05 0   8.884304573637597e-06 -6.347243646927627e-05 0  
15 221400  4.300000000000001 -4.05 0  9.300000000000001 0 0   6.839778902840814e-05 2.793365482339077e-05 0   8.232284858958197e-06 -6.641699851287538e-05 0  
15 252924  4.399999999999999 -4.05 0  9.399999999999999 0 0   6.872941106041315e-05 3.29388260431971e-05 0   8.28126940901697e-06 -6.955231935642527e-05 0  
15 233166  4.5 -4.05 0  9.5 0 0   6.894100023921608e-05 3.814743730228866e-05 0   8.647953284671552e-06 -7.311722878088566e-05 0  
15 244030  4.6 -4.05 0  9.6 0 0   6.992267718942827e-05 4.347560451925872e-05 0   8.931828212567646e-06 -7.743071980129872e-05 0  
15 241402  4.699999999999999 -4.05 0  9.699999999999999 0 0   7.229728839521464e-05 5.764846876175553e-05 0   7.162681094828767e-06 -9.059134664390575e-05 0  
15 232277  4.800000000000001 -4.05 0  9.800000000000001 0 0   6.991324189272851e-05 6.8978950906632e-05 0   1.199642488376756e-05 -0.0001034429997916031 0  
15 224502  4.9 -4.05 0  9.9 0 0   6.649554331672469e-05 9.099796986033679e-05 0   1.822438348234522e-05 -0.0001351553736910719 0  
15 236866  5 -4.05 0  10 0 0   2.509986183740764e-05 0.0001140872646780977 0   0.0001165655201807239 -0.0001425021209009152 0  
