15 117617  -6.75 -4.05 0  0 0 0   -2.461094300477279e-05 -1.472919631777259e-05 0   -6.163610511551038e-05 -3.608491596308883e-05 0  
15 117293  -6.615 -4.05 0  0.135 0 0   -2.445700484998356e-05 -1.507902266154743e-05 0   -6.215165765843279e-05 -3.648368770385255e-05 0  
15 116523  -6.48 -4.05 0  0.27 0 0   -2.469928305561669e-05 -1.598674779709763e-05 0   -6.379240686531576e-05 -3.807859691581927e-05 0  
15 116970  -6.345 -4.05 0  0.405 0 0   -2.498273135662348e-05 -1.697267655467911e-05 0   -6.461442899271131e-05 -4.093786702570427e-05 0  
15 117145  -6.21 -4.05 0  0.54 0 0   -2.495943519950465e-05 -1.700453032378244e-05 0   -6.554434106079664e-05 -3.966636099348581e-05 0  
15 116758  -6.075 -4.05 0  0.675 0 0   -2.501675335094683e-05 -1.820805261541422e-05 0   -6.708559268461811e-05 -4.19185260146903e-05 0  
15 117134  -5.94 -4.05 0  0.8099999999999999 0 0   -2.544915302718845e-05 -1.916310772296509e-05 0   -6.846684395270513e-05 -4.496934022868958e-05 0  
15 117448  -5.805 -4.05 0  0.9450000000000001 0 0   -2.513286464455797e-05 -1.962148253098657e-05 0   -6.884360679536988e-05 -4.442332398161587e-05 0  
15 116189  -5.67 -4.05 0  1.08 0 0   -2.494086561006213e-05 -2.121421108220237e-05 0   -7.012453051101659e-05 -4.748367731059744e-05 0  
15 116828  -5.535 -4.05 0  1.215 0 0   -2.531416692610079e-05 -2.196943903176943e-05 0   -7.163558750726377e-05 -5.054070504645174e-05 0  
15 117299  -5.4 -4.05 0  1.35 0 0   -2.478261596994269e-05 -2.279850862705463e-05 0   -7.177646488645828e-05 -5.032097606205189e-05 0  
15 116164  -5.265 -4.05 0  1.485 0 0   -2.419819413003975e-05 -2.467522321036343e-05 0   -7.245769049969708e-05 -5.411430015688466e-05 0  
15 116170  -5.13 -4.05 0  1.62 0 0   -2.448627564549406e-05 -2.519406473232115e-05 0   -7.408102730935544e-05 -5.703796757664317e-05 0  
15 117036  -4.995 -4.05 0  1.755 0 0   -2.356831593970307e-05 -2.675946505613022e-05 0   -7.355771498360891e-05 -5.793037415942164e-05 0  
15 116099  -4.859999999999999 -4.05 0  1.89 0 0   -2.247463294889965e-05 -2.864121420922787e-05 0   -7.371070312247457e-05 -6.198563539998835e-05 0  
15 116359  -4.725 -4.05 0  2.025 0 0   -2.254192790564647e-05 -2.877922861842328e-05 0   -7.509938425420432e-05 -6.48336646613696e-05 0  
15 116817  -4.59 -4.05 0  2.16 0 0   -2.132964702368685e-05 -3.090900551114967e-05 0   -7.417180760048263e-05 -6.646326333996713e-05 0  
15 117080  -4.455 -4.05 0  2.295 0 0   -1.968828411257756e-05 -3.285371940628737e-05 0   -7.410709141482744e-05 -7.080278790418636e-05 0  
15 117080  -4.32 -4.05 0  2.43 0 0   -1.968828411257756e-05 -3.285371940628737e-05 0   -7.410709141482744e-05 -7.080278790418636e-05 0  
15 117454  -4.185 -4.05 0  2.565 0 0   -1.81214029133063e-05 -3.526502427414827e-05 0   -7.373948341067235e-05 -7.576695817373968e-05 0  
15 116257  -4.05 -4.05 0  2.7 0 0   -1.593151997538941e-05 -3.694800846158926e-05 0   -7.245916292435151e-05 -8.035010545658257e-05 0  
15 116257  -3.915 -4.05 0  2.835 0 0   -1.593151997538941e-05 -3.694800846158926e-05 0   -7.245916292435151e-05 -8.035010545658257e-05 0  
15 116866  -3.78 -4.05 0  2.97 0 0   -1.307406944598896e-05 -3.905202133640956e-05 0   -7.073751797200337e-05 -8.520241358675289e-05 0  
15 116205  -3.645 -4.05 0  3.105 0 0   -1.041918682101114e-05 -4.03042981393948e-05 0   -6.861510618424473e-05 -8.956724511448126e-05 0  
15 116205  -3.51 -4.05 0  3.24 0 0   -1.041918682101114e-05 -4.03042981393948e-05 0   -6.861510618424473e-05 -8.956724511448126e-05 0  
15 116785  -3.375 -4.05 0  3.375 0 0   -7.067494654733331e-06 -4.186398694263835e-05 0   -6.647080422091112e-05 -9.40487448287744e-05 0  
15 117085  -3.24 -4.05 0  3.51 0 0   -6.453112590286067e-06 -4.029138061619961e-05 0   -6.698327103253632e-05 -9.536048323503278e-05 0  
15 117273  -3.105 -4.05 0  3.645 0 0   -2.025512404562474e-06 -4.048030695260121e-05 0   -6.347245300470424e-05 -9.755366269094227e-05 0  
15 117104  -2.97 -4.05 0  3.78 0 0   -5.823920738411148e-07 -4.337004240004966e-05 0   -6.106408932642429e-05 -0.0001023762223509462 0  
15 117235  -2.835 -4.05 0  3.915 0 0   1.064031108444219e-06 -4.082463322577397e-05 0   -6.077200564722461e-05 -0.0001019246540757395 0  
15 117314  -2.7 -4.05 0  4.05 0 0   3.379108467597286e-06 -4.406108343037e-05 0   -5.753938857144814e-05 -0.0001064438137292657 0  
15 116704  -2.565 -4.05 0  4.185 0 0   7.480012303349992e-06 -4.338505592403792e-05 0   -5.380549940237414e-05 -0.0001095266984041388 0  
15 116993  -2.43 -4.05 0  4.32 0 0   9.099070598958363e-06 -4.019596639823556e-05 0   -5.350740701850869e-05 -0.0001089395402383789 0  
15 117420  -2.295 -4.05 0  4.455 0 0   1.127859790401795e-05 -4.292786436383561e-05 0   -5.045536014720853e-05 -0.000112765085630389 0  
15 117113  -2.159999999999999 -4.05 0  4.590000000000001 0 0   1.465195765139142e-05 -4.144446521191052e-05 0   -4.716453896228337e-05 -0.0001156562514946537 0  
15 116767  -2.025 -4.05 0  4.725 0 0   1.729942357039504e-05 -3.694356525281439e-05 0   -4.420763868848588e-05 -0.0001149756278155771 0  
15 117060  -1.890000000000001 -4.05 0  4.859999999999999 0 0   2.008791998878851e-05 -3.989615079573808e-05 0   -4.138142867971505e-05 -0.0001179681462058213 0  
15 116926  -1.755 -4.05 0  4.995 0 0   2.317422993289991e-05 -3.745302089789085e-05 0   -3.777616239480398e-05 -0.00012027217390502 0  
15 116750  -1.62 -4.05 0  5.13 0 0   2.605987892570234e-05 -3.303273922505671e-05 0   -3.571960554201239e-05 -0.0001171219083709214 0  
15 116566  -1.484999999999999 -4.05 0  5.265000000000001 0 0   2.67415725247605e-05 -3.445732396878051e-05 0   -3.340671214346544e-05 -0.0001219553300929183 0  
15 117210  -1.35 -4.05 0  5.4 0 0   3.021022278258852e-05 -3.136189183273672e-05 0   -2.923665005595891e-05 -0.0001236298094996861 0  
15 117609  -1.215000000000001 -4.05 0  5.534999999999999 0 0   3.305401894880284e-05 -2.719351418420043e-05 0   -2.731654540242059e-05 -0.0001208153597807692 0  
15 117125  -1.08 -4.05 0  5.67 0 0   3.308161689821384e-05 -2.726627524710437e-05 0   -2.570946750559203e-05 -0.0001250523664583312 0  
15 117127  -0.9450000000000003 -4.05 0  5.805 0 0   3.677852916850362e-05 -2.324744792333092e-05 0   -1.937724452312495e-05 -0.0001260221485873923 0  
15 117298  -0.8099999999999996 -4.05 0  5.94 0 0   3.895169841943921e-05 -1.872571618045937e-05 0   -1.782232621397838e-05 -0.0001227868168372191 0  
15 116693  -0.6749999999999998 -4.05 0  6.075 0 0   3.861049882499142e-05 -1.820302935295719e-05 0   -1.527473072814381e-05 -0.0001266895020218296 0  
15 117435  -0.54 -4.05 0  6.21 0 0   4.041210628180116e-05 -1.354973489192841e-05 0   -1.122662944249425e-05 -0.0001275974921170729 0  
15 117185  -0.4050000000000002 -4.05 0  6.345 0 0   4.267048035954627e-05 -1.094189832075328e-05 0   -8.505111745914402e-06 -0.0001244548447371808 0  
15 116966  -0.2700000000000005 -4.05 0  6.48 0 0   4.146152852867353e-05 -8.122463984669426e-06 0   -7.085913046161671e-06 -0.0001277646023649295 0  
15 117111  -0.1349999999999998 -4.05 0  6.615 0 0   4.233584333913562e-05 -2.518354406419107e-06 0   -3.453423713743395e-06 -0.0001280185205305706 0  
15 116176  0 -4.05 0  6.75 0 0   4.202850292450711e-05 2.381718062942524e-06 0   -1.280981086725086e-07 -0.0001238516930145298 0  
15 116236  0.1349999999999998 -4.05 0  6.885 0 0   4.186061109385207e-05 2.586097414826807e-06 0   3.225205691587824e-06 -0.0001279337621342153 0  
15 117297  0.2700000000000005 -4.05 0  7.02 0 0   4.148477351365726e-05 8.030701422051534e-06 0   6.839808340713613e-06 -0.0001281175464465014 0  
15 116971  0.4050000000000002 -4.05 0  7.155 0 0   4.246493946877174e-05 9.514774299621345e-06 0   9.41299738087438e-06 -0.0001242214714569142 0  
15 116835  0.5400000000000009 -4.05 0  7.290000000000001 0 0   4.012476231625428e-05 1.327533254475051e-05 0   1.137792493802539e-05 -0.0001273790206698811 0  
15 117270  0.6750000000000007 -4.05 0  7.425000000000001 0 0   3.858471016353858e-05 1.850901820191556e-05 0   1.553675220993846e-05 -0.0001270204288789066 0  
15 117063  0.8100000000000005 -4.05 0  7.56 0 0   3.779610264015298e-05 1.750084323057753e-05 0   1.849520939021512e-05 -0.0001232382655156766 0  
15 116300  0.9449999999999994 -4.05 0  7.694999999999999 0 0   3.657449257651359e-05 2.30044469859466e-05 0   1.904318408382788e-05 -0.0001257070038401054 0  
15 116104  1.079999999999999 -4.05 0  7.829999999999999 0 0   3.376237110960627e-05 2.727582606177649e-05 0   2.371082085141085e-05 -0.000125042170665419 0  
15 116245  1.215 -4.05 0  7.965 0 0   3.27142690760944e-05 2.569952919481526e-05 0   2.692479763291003e-05 -0.0001202084985903931 0  
15 116663  1.35 -4.05 0  8.1 0 0   3.121919618491974e-05 3.114165201514342e-05 0   2.782609946186052e-05 -0.0001234892719093944 0  
15 116286  1.484999999999999 -4.05 0  8.234999999999999 0 0   2.743406504174262e-05 3.460494020331682e-05 0   3.249409318284609e-05 -0.0001222190208290657 0  
15 116312  1.619999999999999 -4.05 0  8.369999999999999 0 0   2.605653407059373e-05 3.254647051884052e-05 0   3.563462746095048e-05 -0.000117526063109827 0  
15 117039  1.755000000000001 -4.05 0  8.505000000000001 0 0   2.437374180574992e-05 3.749833740650764e-05 0   3.655436827710093e-05 -0.0001202325374547982 0  
15 117105  1.890000000000001 -4.05 0  8.640000000000001 0 0   1.873586770707869e-05 3.980885022537677e-05 0   4.290268908890837e-05 -0.0001181082164833456 0  
15 117528  2.025 -4.05 0  8.775 0 0   1.784102491676244e-05 3.773968669271328e-05 0   4.48975649513482e-05 -0.0001134954236761306 0  
15 117129  2.16 -4.05 0  8.91 0 0   1.543220774249954e-05 4.144380032713481e-05 0   4.61690357422672e-05 -0.0001154506041450868 0  
15 116269  2.295 -4.05 0  9.045 0 0   1.158804660133204e-05 4.284043072382872e-05 0   4.991040975762043e-05 -0.0001128109946138605 0  
15 116551  2.430000000000001 -4.05 0  9.180000000000001 0 0   9.516094281803063e-06 3.971097216167591e-05 0   5.298676619961123e-05 -0.0001081644928981208 0  
15 117244  2.565 -4.05 0  9.315 0 0   7.384735181900637e-06 4.3626004223217e-05 0   5.386263441188935e-05 -0.0001097733499569381 0  
15 116766  2.699999999999999 -4.05 0  9.449999999999999 0 0   3.439316974048617e-06 4.36416450887208e-05 0   5.747278103122172e-05 -0.0001061653543918701 0  
15 116766  2.834999999999999 -4.05 0  9.584999999999999 0 0   3.439316974048617e-06 4.36416450887208e-05 0   5.747278103122172e-05 -0.0001061653543918701 0  
15 117264  2.969999999999999 -4.05 0  9.719999999999999 0 0   8.186535394548444e-08 4.350812289263817e-05 0   6.069612153516805e-05 -0.0001024389066189169 0  
15 117225  3.105 -4.05 0  9.855 0 0   -2.261165114477576e-06 4.039363912392187e-05 0   6.291181562880204e-05 -9.635838437709217e-05 0  
15 117190  3.24 -4.05 0  9.99 0 0   -5.072838895406329e-06 4.304186440819667e-05 0   6.519341352661384e-05 -9.850734820159978e-05 0  
15 116249  3.375 -4.05 0  10.125 0 0   -7.183948449307823e-06 4.171716163611956e-05 0   6.626785637356501e-05 -9.414106325035445e-05 0  
15 116987  3.51 -4.05 0  10.26 0 0   -1.029438298404128e-05 4.075573733066697e-05 0   6.871852381159019e-05 -8.985993215512161e-05 0  
15 116987  3.645 -4.05 0  10.395 0 0   -1.029438298404128e-05 4.075573733066697e-05 0   6.871852381159019e-05 -8.985993215512161e-05 0  
15 116101  3.780000000000001 -4.05 0  10.53 0 0   -1.301871992209335e-05 3.857116842544313e-05 0   7.024868998266928e-05 -8.48819023454182e-05 0  
15 116346  3.915000000000001 -4.05 0  10.665 0 0   -1.452609526416283e-05 3.510260892026617e-05 0   7.214798928536223e-05 -8.051150270726483e-05 0  
15 116769  4.050000000000001 -4.05 0  10.8 0 0   -1.573255435692415e-05 3.719357767344861e-05 0   7.222672703540312e-05 -8.064796665869112e-05 0  
15 117077  4.185 -4.05 0  10.935 0 0   -1.783360435032334e-05 3.512410736947191e-05 0   7.364842265123774e-05 -7.567093840611314e-05 0  
15 116212  4.319999999999999 -4.05 0  11.07 0 0   -1.959538945912193e-05 3.282771131849285e-05 0   7.40228319744381e-05 -7.090595274318427e-05 0  
15 116212  4.455 -4.05 0  11.205 0 0   -1.959538945912193e-05 3.282771131849285e-05 0   7.40228319744381e-05 -7.090595274318427e-05 0  
15 117334  4.59 -4.05 0  11.34 0 0   -2.129435703176162e-05 3.093868944496758e-05 0   7.431034450696913e-05 -6.649197931728017e-05 0  
15 117102  4.725 -4.05 0  11.475 0 0   -2.268696372166069e-05 2.883323498441108e-05 0   7.558718129425154e-05 -6.456155507855808e-05 0  
15 116800  4.859999999999999 -4.05 0  11.61 0 0   -2.261719371829049e-05 2.870698774595608e-05 0   7.415948470221919e-05 -6.197817048067458e-05 0  
15 116222  4.994999999999999 -4.05 0  11.745 0 0   -2.345244839442248e-05 2.663030021220376e-05 0   7.356757026779227e-05 -5.7953187930216e-05 0  
15 116602  5.130000000000001 -4.05 0  11.88 0 0   -2.432908199330062e-05 2.513065221105421e-05 0   7.402561032550121e-05 -5.716962355637595e-05 0  
15 116914  5.265000000000001 -4.05 0  12.015 0 0   -2.414215577798556e-05 2.464917039363135e-05 0   7.281446051193678e-05 -5.404996154204176e-05 0  
15 116121  5.4 -4.05 0  12.15 0 0   -2.462157272056613e-05 2.283187062098423e-05 0   7.146147988997941e-05 -5.048459363354157e-05 0  
15 116199  5.535 -4.05 0  12.285 0 0   -2.521534891726171e-05 2.148855261669379e-05 0   7.184476739055447e-05 -4.961747062792211e-05 0  
15 117364  5.67 -4.05 0  12.42 0 0   -2.496901327851339e-05 2.110491385045633e-05 0   7.029958724923992e-05 -4.72110344092759e-05 0  
15 116157  5.805000000000001 -4.05 0  12.555 0 0   -2.495414784086172e-05 1.960147691342125e-05 0   6.86313901094816e-05 -4.451831251232365e-05 0  
15 116819  5.94 -4.05 0  12.69 0 0   -2.54041052399805e-05 1.866164538664224e-05 0   6.877265649168299e-05 -4.422324769079358e-05 0  
15 117239  6.074999999999999 -4.05 0  12.825 0 0   -2.508305527001986e-05 1.817153225697546e-05 0   6.717317137767444e-05 -4.178148245662528e-05 0  
15 116183  6.209999999999999 -4.05 0  12.96 0 0   -2.475585531049734e-05 1.695150849029096e-05 0   6.513853116556743e-05 -3.974885107554081e-05 0  
15 116188  6.344999999999999 -4.05 0  13.095 0 0   -2.489508428893828e-05 1.664424726638587e-05 0   6.467121111865823e-05 -4.078016891739984e-05 0  
15 116192  6.48 -4.05 0  13.23 0 0   -2.452797394262608e-05 1.59726521439859e-05 0   6.319292435727313e-05 -3.807577720404704e-05 0  
15 117550  6.615 -4.05 0  13.365 0 0   -2.445472165994375e-05 1.50068913560503e-05 0   6.21591262788667e-05 -3.62981139365795e-05 0  
15 117801  6.75 -4.05 0  13.5 0 0   -2.450268433907415e-05 1.492411117977668e-05 0   6.142723532841926e-05 -3.634250445746535e-05 0  
