15 236865  -5 -4.05 0  0 0 0   -5.335339925431615e-05 2.500734500854307e-05 0   9.405424024005668e-06 -0.0002036830938576678 0  
15 224501  -4.9 -4.05 0  0.1 0 0   -6.573313858519898e-05 -4.628126654103448e-06 0   8.488589156845387e-05 -0.0001554827279311305 0  
15 232276  -4.8 -4.05 0  0.2 0 0   -6.606021299005588e-05 -2.052114609098904e-05 0   9.072053343943398e-05 -0.0001145870956486845 0  
15 241401  -4.7 -4.05 0  0.3 0 0   -5.300944383812654e-05 -2.823276323529744e-05 0   9.246582751338173e-05 -9.315625876206088e-05 0  
15 244029  -4.6 -4.05 0  0.4 0 0   -4.672500741564195e-05 -3.672364706920617e-05 0   8.666004768841974e-05 -6.57623227240875e-05 0  
15 233167  -4.5 -4.05 0  0.5 0 0   -3.659763374282317e-05 -3.726043378250374e-05 0   8.142225531744697e-05 -5.616539237016539e-05 0  
15 252923  -4.4 -4.05 0  0.6 0 0   -3.182526860410866e-05 -3.922281635966585e-05 0   7.886605081278879e-05 -4.62171869047099e-05 0  
15 221401  -4.3 -4.05 0  0.7000000000000001 0 0   -2.924165569152121e-05 -3.9302954551396e-05 0   7.691001275434589e-05 -3.744759169245146e-05 0  
15 238497  -4.2 -4.05 0  0.8 0 0   -2.530967483831484e-05 -3.980796185979948e-05 0   7.084063772534212e-05 -2.767338155734928e-05 0  
15 260601  -4.1 -4.05 0  0.8999999999999999 0 0   -1.975123440170175e-05 -3.987589297784616e-05 0   6.458082928899398e-05 -2.241121920484521e-05 0  
15 224174  -4 -4.05 0  1 0 0   -1.618580386763407e-05 -3.869675640972778e-05 0   5.797915289290775e-05 -1.618563697281493e-05 0  
15 233459  -3.9 -4.05 0  1.1 0 0   -1.481301904174975e-05 -3.954625988755733e-05 0   5.634145757543773e-05 -9.672762518793832e-06 0  
15 221539  -3.8 -4.05 0  1.2 0 0   -1.224332594120144e-05 -3.735959514816409e-05 0   5.2283491309518e-05 -8.389793536566457e-06 0  
15 235920  -3.7 -4.05 0  1.3 0 0   -1.129559644398419e-05 -3.653577857069996e-05 0   5.023723322109832e-05 -5.376994625833596e-06 0  
15 248453  -3.6 -4.05 0  1.4 0 0   -8.818357144138762e-06 -3.621027396397136e-05 0   4.407255790273183e-05 -1.967000826343188e-06 0  
15 259549  -3.5 -4.05 0  1.5 0 0   -7.904278508427676e-06 -3.534792049234708e-05 0   4.226680718078749e-05 1.359752731122481e-06 0  
15 256798  -3.4 -4.05 0  1.6 0 0   -6.615000945483021e-06 -3.506490195707632e-05 0   3.955070388361802e-05 1.995161248205621e-06 0  
15 246569  -3.3 -4.05 0  1.7 0 0   -5.28701917120681e-06 -3.44427932050563e-05 0   3.459450185831986e-05 4.066757858831298e-06 0  
15 243217  -3.2 -4.05 0  1.8 0 0   -4.538392331767879e-06 -3.353684280842095e-05 0   3.28456365057551e-05 5.683079489134275e-06 0  
15 226268  -3.1 -4.05 0  1.9 0 0   -3.661563792872052e-06 -3.329720801818412e-05 0   3.029782391227617e-05 6.130266331205378e-06 0  
15 248611  -3 -4.05 0  2 0 0   -2.794403456241046e-06 -3.340873241588702e-05 0   2.738105513226544e-05 8.989343217090211e-06 0  
15 254179  -2.9 -4.05 0  2.1 0 0   -1.737321357274911e-06 -3.265344270588638e-05 0   2.435199092679996e-05 8.621985882156617e-06 0  
15 232326  -2.8 -4.05 0  2.2 0 0   -1.122275328651473e-06 -3.249660350853126e-05 0   2.19220502371744e-05 1.055032014916479e-05 0  
15 223769  -2.7 -4.05 0  2.3 0 0   -4.601443951025158e-07 -3.225922719225782e-05 0   1.995709616998487e-05 1.077977280825124e-05 0  
15 245096  -2.6 -4.05 0  2.4 0 0   4.612744632422755e-07 -3.149782646712923e-05 0   1.750178221846866e-05 9.983918432126225e-06 0  
15 232209  -2.5 -4.05 0  2.5 0 0   9.238397532251863e-07 -3.12884938919681e-05 0   1.615097116727218e-05 1.033467292610403e-05 0  
15 258689  -2.4 -4.05 0  2.6 0 0   2.107135193205913e-06 -3.093232059582854e-05 0   1.287094842845112e-05 1.063674220585674e-05 0  
15 245365  -2.3 -4.05 0  2.7 0 0   2.586971970847292e-06 -3.07839682399183e-05 0   1.148428555644131e-05 1.08839606220764e-05 0  
15 241143  -2.2 -4.05 0  2.8 0 0   3.0464853566399e-06 -3.046719555126545e-05 0   9.989244950952929e-06 1.092442552729639e-05 0  
15 240282  -2.1 -4.05 0  2.9 0 0   4.185273052254718e-06 -3.020716703758773e-05 0   7.38240816952531e-06 1.093383926400451e-05 0  
15 248110  -2 -4.05 0  3 0 0   4.799132640658649e-06 -3.005118490038289e-05 0   5.656533074450401e-06 1.087643276072e-05 0  
15 224266  -1.9 -4.05 0  3.1 0 0   5.128465608298521e-06 -2.97910680037046e-05 0   4.760735105372978e-06 1.069904308061685e-05 0  
15 237672  -1.8 -4.05 0  3.2 0 0   5.950763201508294e-06 -2.990398189842147e-05 0   2.731583758794082e-06 1.120795104274245e-05 0  
15 237442  -1.7 -4.05 0  3.3 0 0   6.885217410797576e-06 -2.924199289537632e-05 0   6.520329120297298e-07 1.025779046089862e-05 0  
15 250591  -1.6 -4.05 0  3.4 0 0   7.285345954887237e-06 -2.894444330934186e-05 0   -2.883594551919381e-07 9.844955863127103e-06 0  
15 225287  -1.5 -4.05 0  3.5 0 0   8.318303165834665e-06 -2.854223279160316e-05 0   -2.557932616087692e-06 9.363731169675449e-06 0  
15 248881  -1.4 -4.05 0  3.6 0 0   8.945184876868809e-06 -2.835215367458233e-05 0   -4.000341077518973e-06 9.064102315430467e-06 0  
15 248763  -1.3 -4.05 0  3.7 0 0   9.287832367144144e-06 -2.795039419671921e-05 0   -4.622118848332567e-06 8.43267450552224e-06 0  
15 246356  -1.2 -4.05 0  3.8 0 0   1.00161792818583e-05 -2.798364568546222e-05 0   -6.26320965787467e-06 8.59566638880668e-06 0  
15 249072  -1.1 -4.05 0  3.9 0 0   1.089268280355001e-05 -2.730000163005813e-05 0   -7.941869896917761e-06 7.329804241284175e-06 0  
15 223025  -1 -4.05 0  4 0 0   1.131047327185709e-05 -2.687598042476133e-05 0   -8.885997508802698e-06 6.586417015938106e-06 0  
15 229164  -0.9000000000000004 -4.05 0  4.1 0 0   1.194244129087106e-05 -2.677470006865953e-05 0   -1.00745722391893e-05 6.406875488299511e-06 0  
15 252757  -0.7999999999999998 -4.05 0  4.2 0 0   1.266891925515851e-05 -2.59767080660056e-05 0   -1.150963319834645e-05 4.994722120261075e-06 0  
15 225087  -0.7000000000000002 -4.05 0  4.3 0 0   1.303367955298416e-05 -2.558124429177105e-05 0   -1.219529033201841e-05 4.259864469534531e-06 0  
15 234981  -0.5999999999999996 -4.05 0  4.4 0 0   1.35880086758397e-05 -2.540792034349745e-05 0   -1.328311382685701e-05 3.887027213289075e-06 0  
15 221740  -0.5 -4.05 0  4.5 0 0   1.42646150805923e-05 -2.466788258990299e-05 0   -1.454852831216471e-05 2.485742245408786e-06 0  
15 243950  -0.3999999999999995 -4.05 0  4.600000000000001 0 0   1.451247978529954e-05 -2.418833124539534e-05 0   -1.505393089488039e-05 1.518794695421714e-06 0  
15 227216  -0.3000000000000007 -4.05 0  4.699999999999999 0 0   1.505274239286744e-05 -2.399262438073507e-05 0   -1.595166347871397e-05 1.017741870994616e-06 0  
15 250521  -0.2000000000000002 -4.05 0  4.8 0 0   1.561604548314111e-05 -2.32403324855919e-05 0   -1.698261794751046e-05 -4.255459595280987e-07 0  
15 228078  -0.09999999999999964 -4.05 0  4.9 0 0   1.586490882359883e-05 -2.286499232082712e-05 0   -1.740975959682155e-05 -1.212677196012809e-06 0  
15 234711  0 -4.05 0  5 0 0   1.635031201002333e-05 -2.227388713112871e-05 0   -1.822431284139391e-05 -2.469020180381407e-06 0  
15 255634  0.09999999999999964 -4.05 0  5.1 0 0   1.669247226465664e-05 -2.180219791021731e-05 0   -1.8826012473795e-05 -3.547019602968132e-06 0  
15 249164  0.2000000000000002 -4.05 0  5.2 0 0   1.689268485845392e-05 -2.142976946339914e-05 0   -1.912194847338098e-05 -4.382293282005709e-06 0  
15 221127  0.3000000000000007 -4.05 0  5.300000000000001 0 0   1.706028425967759e-05 -2.098357729344441e-05 0   -1.927804690790872e-05 -5.520399658866075e-06 0  
15 232402  0.4000000000000004 -4.05 0  5.4 0 0   1.743638726079159e-05 -2.077928059422349e-05 0   -1.9796490365508e-05 -6.00178811845228e-06 0  
15 222355  0.5 -4.05 0  5.5 0 0   1.776174143375796e-05 -2.023731058837727e-05 0   -2.03187676995416e-05 -7.305553980378483e-06 0  
15 233383  0.6000000000000005 -4.05 0  5.600000000000001 0 0   1.790643244651939e-05 -1.986587298103727e-05 0   -2.047330076885364e-05 -8.282969776739245e-06 0  
15 243383  0.6999999999999993 -4.05 0  5.699999999999999 0 0   1.833064991731484e-05 -1.95060970368463e-05 0   -2.098103884021858e-05 -9.387148281708117e-06 0  
15 259760  0.7999999999999998 -4.05 0  5.8 0 0   1.845604480165026e-05 -1.922708381106239e-05 0   -2.106129099338147e-05 -1.017885016590687e-05 0  
15 251733  0.8999999999999995 -4.05 0  5.899999999999999 0 0   1.855806687501606e-05 -1.890254765809021e-05 0   -2.094152869789277e-05 -1.127745528173773e-05 0  
15 236636  1 -4.05 0  6 0 0   1.895494487010908e-05 -1.852760513324642e-05 0   -2.129880434560672e-05 -1.239601486670815e-05 0  
15 255468  1.1 -4.05 0  6.1 0 0   1.905247251231083e-05 -1.835597485953626e-05 0   -2.12508989412565e-05 -1.31475304314425e-05 0  
15 231337  1.2 -4.05 0  6.2 0 0   1.933326704812652e-05 -1.830057695991275e-05 0   -2.117825349132532e-05 -1.388439732889378e-05 0  
15 237377  1.3 -4.05 0  6.3 0 0   1.962701471202796e-05 -1.790306631780855e-05 0   -2.137692523429525e-05 -1.491367055016105e-05 0  
15 259380  1.4 -4.05 0  6.4 0 0   1.980712188781163e-05 -1.781082906903569e-05 0   -2.137768106723933e-05 -1.541522045120152e-05 0  
15 222720  1.5 -4.05 0  6.5 0 0   1.998065812176125e-05 -1.765689696251078e-05 0   -2.11919386507674e-05 -1.634640182539455e-05 0  
15 253656  1.600000000000001 -4.05 0  6.600000000000001 0 0   2.050136734692981e-05 -1.756056509272935e-05 0   -2.138730004576264e-05 -1.71401488761702e-05 0  
15 237441  1.7 -4.05 0  6.7 0 0   2.070747844066384e-05 -1.750543118837419e-05 0   -2.139206114107426e-05 -1.77956413032216e-05 0  
15 237671  1.800000000000001 -4.05 0  6.800000000000001 0 0   2.11017382506281e-05 -1.764466616299698e-05 0   -2.112063486213846e-05 -1.848449111791764e-05 0  
15 224265  1.899999999999999 -4.05 0  6.899999999999999 0 0   2.160101845837675e-05 -1.74121895311144e-05 0   -2.131235086401373e-05 -1.920209516821387e-05 0  
15 248109  2 -4.05 0  7 0 0   2.184565502025282e-05 -1.743059894303116e-05 0   -2.131598394618218e-05 -1.982934839113827e-05 0  
15 240281  2.1 -4.05 0  7.1 0 0   2.23083214418978e-05 -1.744089891846795e-05 0   -2.143687042554317e-05 -2.015485435717798e-05 0  
15 241142  2.199999999999999 -4.05 0  7.199999999999999 0 0   2.31101727976525e-05 -1.746705798548465e-05 0   -2.140600694821521e-05 -2.084769711875644e-05 0  
15 245366  2.3 -4.05 0  7.3 0 0   2.356438749541619e-05 -1.752727249170263e-05 0   -2.165465785777723e-05 -2.164143820350233e-05 0  
15 258688  2.4 -4.05 0  7.4 0 0   2.401793668223122e-05 -1.752747339866731e-05 0   -2.175999267026662e-05 -2.21086117478766e-05 0  
15 232208  2.5 -4.05 0  7.5 0 0   2.526361535416105e-05 -1.762731486897387e-05 0   -2.217601256213953e-05 -2.288609994286752e-05 0  
15 245095  2.6 -4.05 0  7.6 0 0   2.577738933384408e-05 -1.765018869024325e-05 0   -2.234012060893216e-05 -2.348923638820417e-05 0  
15 223770  2.7 -4.05 0  7.7 0 0   2.686601907924552e-05 -1.8325258961404e-05 0   -2.256901579345406e-05 -2.395724734608438e-05 0  
15 232327  2.800000000000001 -4.05 0  7.800000000000001 0 0   2.776519549752346e-05 -1.842857034399167e-05 0   -2.294626882896411e-05 -2.445229119148922e-05 0  
15 254178  2.9 -4.05 0  7.9 0 0   2.883360281662195e-05 -1.806946361852281e-05 0   -2.366134394845014e-05 -2.573370460744401e-05 0  
15 248610  3 -4.05 0  8 0 0   3.040768562085142e-05 -1.874494443928135e-05 0   -2.426988982735107e-05 -2.61664052435143e-05 0  
15 226269  3.100000000000001 -4.05 0  8.100000000000001 0 0   3.191542827741742e-05 -1.781205347031745e-05 0   -2.517375591227513e-05 -2.77372158599637e-05 0  
15 243218  3.199999999999999 -4.05 0  8.199999999999999 0 0   3.346942687386389e-05 -1.784492523847908e-05 0   -2.585104687574528e-05 -2.822018113106438e-05 0  
15 246568  3.299999999999999 -4.05 0  8.299999999999999 0 0   3.461037918415719e-05 -1.793087510457494e-05 0   -2.625102809105393e-05 -2.990429919060662e-05 0  
15 256797  3.4 -4.05 0  8.4 0 0   3.751388981164047e-05 -1.762997177044874e-05 0   -2.813589926836039e-05 -3.160466182864936e-05 0  
15 259550  3.5 -4.05 0  8.5 0 0   3.95280133041612e-05 -1.758053163972151e-05 0   -2.88471448703151e-05 -3.220083906586325e-05 0  
15 248452  3.6 -4.05 0  8.6 0 0   4.098702062685367e-05 -1.689934594092425e-05 0   -2.929791577325146e-05 -3.487186755919366e-05 0  
15 235919  3.699999999999999 -4.05 0  8.699999999999999 0 0   4.562061357433166e-05 -1.565472628210426e-05 0   -3.147235345083734e-05 -3.726324128845368e-05 0  
15 221540  3.800000000000001 -4.05 0  8.800000000000001 0 0   4.727042277179704e-05 -1.489208476388761e-05 0   -3.216655374817853e-05 -3.976476875095143e-05 0  
15 233460  3.9 -4.05 0  8.9 0 0   5.112178773179071e-05 -1.601531044874427e-05 0   -3.31454195320437e-05 -4.204876913341325e-05 0  
15 224173  4 -4.05 0  9 0 0   5.297279000407093e-05 -1.218538243704347e-05 0   -3.333613054922282e-05 -4.585932472476063e-05 0  
15 260600  4.1 -4.05 0  9.1 0 0   5.897672617648057e-05 -9.954334805203913e-06 0   -3.554280700217532e-05 -5.087606773368589e-05 0  
15 238498  4.200000000000001 -4.05 0  9.200000000000001 0 0   6.638149786673928e-05 -7.192457502375876e-06 0   -3.641143956589968e-05 -5.450540411242348e-05 0  
15 221400  4.300000000000001 -4.05 0  9.300000000000001 0 0   7.255830397998216e-05 -1.703978161321507e-06 0   -3.828354897215838e-05 -6.112548809995648e-05 0  
15 252924  4.399999999999999 -4.05 0  9.399999999999999 0 0   7.553672674001123e-05 3.013470414333849e-06 0   -3.811771500638824e-05 -6.738160986015265e-05 0  
15 233166  4.5 -4.05 0  9.5 0 0   8.052068182932796e-05 9.854794974804848e-06 0   -3.704844216926326e-05 -7.342997864393137e-05 0  
15 244030  4.6 -4.05 0  9.6 0 0   9.096830522396923e-05 1.548041365090347e-05 0   -3.476504509399421e-05 -8.016210978414049e-05 0  
15 241402  4.699999999999999 -4.05 0  9.699999999999999 0 0   9.885835850453883e-05 3.689338765273421e-05 0   -3.533742638840405e-05 -9.548379475524734e-05 0  
15 232277  4.800000000000001 -4.05 0  9.800000000000001 0 0   0.0001074778573977369 5.449290378729474e-05 0   -2.638406537994032e-05 -0.0001070893083754832 0  
15 224502  4.9 -4.05 0  9.9 0 0   0.0001040005710551475 8.879149907711076e-05 0   -2.209637877378798e-05 -0.0001290321323406752 0  
15 236866  5 -4.05 0  10 0 0   5.472862628952413e-05 0.0001371208648751759 0   3.006619660110739e-05 -0.0001489727814686552 0  
