15 230355  -5 -4.05 0  0 0 0   -5.231773183779834e-05 -5.652395715392833e-06 0   3.079406473259494e-05 -0.0002445784051732791 0  
15 217980  -4.9 -4.05 0  0.1 0 0   -4.414726943241607e-05 -4.360117177727805e-05 0   0.0001319844988118008 -0.0001708422610469445 0  
15 225768  -4.8 -4.05 0  0.2 0 0   -4.146603400835471e-05 -5.120360416308554e-05 0   0.0001388701900896152 -0.000110782978030256 0  
15 234913  -4.7 -4.05 0  0.3 0 0   -1.625168013109782e-05 -5.24315429619544e-05 0   0.0001270206846842275 -8.082202928311882e-05 0  
15 237528  -4.6 -4.05 0  0.4 0 0   -9.584334937076319e-06 -5.015547801347914e-05 0   0.0001145265818092555 -4.494220665240099e-05 0  
15 226658  -4.5 -4.05 0  0.5 0 0   1.974914909031312e-06 -4.552391987211555e-05 0   9.808750870655904e-05 -3.563524758778448e-05 0  
15 246380  -4.4 -4.05 0  0.6 0 0   6.591424105004172e-06 -4.262798746713838e-05 0   9.026582834421957e-05 -2.461480149412026e-05 0  
15 214865  -4.3 -4.05 0  0.7000000000000001 0 0   8.569775352474003e-06 -3.800830727715291e-05 0   8.551238601505872e-05 -1.71757418446182e-05 0  
15 231984  -4.2 -4.05 0  0.8 0 0   9.725307980313486e-06 -3.349015297021132e-05 0   7.602073029418059e-05 -8.700733008336695e-06 0  
15 254077  -4.1 -4.05 0  0.8999999999999999 0 0   1.206004905784014e-05 -3.089944420667061e-05 0   6.47467174307542e-05 -4.56700247168651e-06 0  
15 217640  -4 -4.05 0  1 0 0   1.20235029750119e-05 -2.678211461005966e-05 0   5.59471636289539e-05 -1.300638072162033e-06 0  
15 226949  -3.9 -4.05 0  1.1 0 0   1.237925932662644e-05 -2.443605327374487e-05 0   5.328647283476054e-05 4.275160563671498e-06 0  
15 215001  -3.8 -4.05 0  1.2 0 0   1.249521730742505e-05 -2.216025118694388e-05 0   4.770198402164957e-05 2.751129235293095e-06 0  
15 229414  -3.7 -4.05 0  1.3 0 0   1.224627081076231e-05 -2.029156762142423e-05 0   4.532325828213429e-05 3.883167229988202e-06 0  
15 241951  -3.6 -4.05 0  1.4 0 0   1.132531948932434e-05 -1.86646565238837e-05 0   3.87830715648346e-05 5.775008709322724e-06 0  
15 253018  -3.5 -4.05 0  1.5 0 0   1.119014091033278e-05 -1.686004450510712e-05 0   3.677442829358619e-05 6.958879043643049e-06 0  
15 250257  -3.4 -4.05 0  1.6 0 0   1.087387641799959e-05 -1.646933279093443e-05 0   3.386371900922572e-05 7.07619182346679e-06 0  
15 240072  -3.3 -4.05 0  1.7 0 0   9.80651349673776e-06 -1.538738777627762e-05 0   2.968583673061817e-05 7.715628367710448e-06 0  
15 236708  -3.2 -4.05 0  1.8 0 0   9.56167570352693e-06 -1.44658237254602e-05 0   2.800050731339033e-05 7.801315843330645e-06 0  
15 219744  -3.1 -4.05 0  1.9 0 0   9.237742511032307e-06 -1.420860666173076e-05 0   2.583361192128823e-05 7.854473274001433e-06 0  
15 242115  -3 -4.05 0  2 0 0   8.715337827043968e-06 -1.335350430157296e-05 0   2.349184361098364e-05 9.549646689088753e-06 0  
15 247629  -2.9 -4.05 0  2.1 0 0   8.311613061451426e-06 -1.322693616786792e-05 0   2.099617329189528e-05 8.706061224526135e-06 0  
15 225816  -2.8 -4.05 0  2.2 0 0   7.965581500788462e-06 -1.269825231187344e-05 0   1.925431505503221e-05 9.599070878545113e-06 0  
15 217243  -2.7 -4.05 0  2.3 0 0   7.755925789119759e-06 -1.257091063692648e-05 0   1.7746348214406e-05 9.52344607100912e-06 0  
15 238598  -2.6 -4.05 0  2.4 0 0   7.553133401343561e-06 -1.24678666501973e-05 0   1.583317931669066e-05 8.612652129145679e-06 0  
15 225694  -2.5 -4.05 0  2.5 0 0   7.422150090863984e-06 -1.232478942688863e-05 0   1.482408584551655e-05 8.672238080107211e-06 0  
15 252125  -2.4 -4.05 0  2.6 0 0   7.226318188152409e-06 -1.216878900420172e-05 0   1.242493335873018e-05 8.635430593725499e-06 0  
15 238870  -2.3 -4.05 0  2.7 0 0   7.158459498292444e-06 -1.207121032297453e-05 0   1.143756623175418e-05 8.709756264756521e-06 0  
15 234643  -2.2 -4.05 0  2.8 0 0   7.049186645094636e-06 -1.196535767908824e-05 0   1.037974776487913e-05 8.599484818324135e-06 0  
15 233766  -2.1 -4.05 0  2.9 0 0   7.004993194734046e-06 -1.187740177507847e-05 0   8.437303036362524e-06 8.530271446413606e-06 0  
15 241606  -2 -4.05 0  3 0 0   6.983458304241031e-06 -1.184585035266536e-05 0   7.232833041457241e-06 8.444233681367472e-06 0  
15 217734  -1.9 -4.05 0  3.1 0 0   7.018759964426803e-06 -1.178032890688098e-05 0   6.649743256501549e-06 8.292712595043758e-06 0  
15 231154  -1.8 -4.05 0  3.2 0 0   6.993928974264978e-06 -1.173221373756798e-05 0   5.144709723197208e-06 8.696764614716038e-06 0  
15 230935  -1.7 -4.05 0  3.3 0 0   7.081110424551375e-06 -1.168675429391109e-05 0   3.671986836794802e-06 7.943026161146005e-06 0  
15 244088  -1.6 -4.05 0  3.4 0 0   7.117818972798493e-06 -1.163005546745473e-05 0   2.997822990945601e-06 7.675353019187189e-06 0  
15 218768  -1.5 -4.05 0  3.5 0 0   7.202478376300151e-06 -1.154993395583543e-05 0   1.337187478968674e-06 7.383568017138228e-06 0  
15 242387  -1.4 -4.05 0  3.6 0 0   7.300132920468484e-06 -1.152361870769255e-05 0   3.220446849567724e-07 7.189397277831619e-06 0  
15 242278  -1.3 -4.05 0  3.7 0 0   7.361251892431175e-06 -1.144832632077992e-05 0   -1.467350004193818e-07 6.805926924575642e-06 0  
15 239851  -1.2 -4.05 0  3.8 0 0   7.456194076071055e-06 -1.143602317598205e-05 0   -1.352355177218836e-06 7.036519014701204e-06 0  
15 242593  -1.1 -4.05 0  3.9 0 0   7.590429357818423e-06 -1.134094426785259e-05 0   -2.607835076425501e-06 6.166339306685337e-06 0  
15 216498  -1 -4.05 0  4 0 0   7.683941592773235e-06 -1.127468181260282e-05 0   -3.267852021314119e-06 5.679511596277248e-06 0  
15 222660  -0.9000000000000004 -4.05 0  4.1 0 0   7.802889824078899e-06 -1.126241562248104e-05 0   -4.216433925851443e-06 5.734788645891942e-06 0  
15 246205  -0.7999999999999998 -4.05 0  4.2 0 0   7.951254444861847e-06 -1.1130828544642e-05 0   -5.245458645965033e-06 4.767527674543956e-06 0  
15 218570  -0.7000000000000002 -4.05 0  4.3 0 0   8.032153887179523e-06 -1.106607948384714e-05 0   -5.77698719910185e-06 4.331610141263681e-06 0  
15 228468  -0.5999999999999996 -4.05 0  4.4 0 0   8.171371177436836e-06 -1.107255646090165e-05 0   -6.635142475539674e-06 4.220742958119597e-06 0  
15 215205  -0.5 -4.05 0  4.5 0 0   8.329574763774397e-06 -1.09249143302923e-05 0   -7.598149880057303e-06 3.311357824909225e-06 0  
15 237449  -0.3999999999999995 -4.05 0  4.600000000000001 0 0   8.400027454083048e-06 -1.084709976885965e-05 0   -7.964561143628153e-06 2.738415829268981e-06 0  
15 220695  -0.3000000000000007 -4.05 0  4.699999999999999 0 0   8.555520411216225e-06 -1.085328736314577e-05 0   -8.761360613576685e-06 2.57859032030093e-06 0  
15 244025  -0.2000000000000002 -4.05 0  4.8 0 0   8.703835400902197e-06 -1.07132227877239e-05 0   -9.546897293687302e-06 1.625457511160791e-06 0  
15 221556  -0.09999999999999964 -4.05 0  4.9 0 0   8.785089617195695e-06 -1.066410067224839e-05 0   -9.910684596707575e-06 1.176465792920162e-06 0  
15 228208  0 -4.05 0  5 0 0   8.972498228242078e-06 -1.057388414226965e-05 0   -1.063593856515197e-05 4.229160916278257e-07 0  
15 249095  0.09999999999999964 -4.05 0  5.1 0 0   9.083925583321367e-06 -1.051761460618391e-05 0   -1.114497756284603e-05 -1.714840758507835e-07 0  
15 242680  0.2000000000000002 -4.05 0  5.2 0 0   9.169409132199751e-06 -1.046360524598923e-05 0   -1.142370230212009e-05 -6.640583815262224e-07 0  
15 214591  0.3000000000000007 -4.05 0  5.300000000000001 0 0   9.277991226018176e-06 -1.043896738157652e-05 0   -1.167674062703926e-05 -1.244401591989769e-06 0  
15 225893  0.4000000000000004 -4.05 0  5.4 0 0   9.455831983072995e-06 -1.041109695914958e-05 0   -1.221318374389603e-05 -1.539070440830306e-06 0  
15 215832  0.5 -4.05 0  5.5 0 0   9.590412448373708e-06 -1.033627153131144e-05 0   -1.266655130598322e-05 -2.293526882411398e-06 0  
15 226871  0.6000000000000005 -4.05 0  5.600000000000001 0 0   9.67794693097334e-06 -1.030188334172669e-05 0   -1.286497342726893e-05 -2.827264565502703e-06 0  
15 236882  0.6999999999999993 -4.05 0  5.699999999999999 0 0   9.918503924394003e-06 -1.030684549949102e-05 0   -1.346388070581211e-05 -3.377870651102149e-06 0  
15 253221  0.7999999999999998 -4.05 0  5.8 0 0   1.001286552378936e-05 -1.027968413242928e-05 0   -1.363007946106939e-05 -3.826309909022232e-06 0  
15 245198  0.8999999999999995 -4.05 0  5.899999999999999 0 0   1.013072631381997e-05 -1.02912742234514e-05 0   -1.369472072304014e-05 -4.371331374375398e-06 0  
15 230123  1 -4.05 0  6 0 0   1.04001098141333e-05 -1.025732932667103e-05 0   -1.423239054255693e-05 -4.965810607701626e-06 0  
15 248928  1.1 -4.05 0  6.1 0 0   1.050863193995067e-05 -1.027943271048135e-05 0   -1.435412297822597e-05 -5.34888251669044e-06 0  
15 224819  1.2 -4.05 0  6.2 0 0   1.075083422782648e-05 -1.037697428352743e-05 0   -1.455890548898199e-05 -5.647779189861188e-06 0  
15 230868  1.3 -4.05 0  6.3 0 0   1.094059291518686e-05 -1.028207705082093e-05 0   -1.484822552708098e-05 -6.235019083098217e-06 0  
15 252837  1.4 -4.05 0  6.4 0 0   1.110932263126874e-05 -1.030733467931051e-05 0   -1.506007077357093e-05 -6.45205012687021e-06 0  
15 216200  1.5 -4.05 0  6.5 0 0   1.128960864709566e-05 -1.033912870017145e-05 0   -1.517517291031115e-05 -6.890046041230571e-06 0  
15 247107  1.600000000000001 -4.05 0  6.600000000000001 0 0   1.166244288954075e-05 -1.039344554009357e-05 0   -1.56854683629349e-05 -7.222461142378928e-06 0  
15 230934  1.7 -4.05 0  6.7 0 0   1.181157138329964e-05 -1.044491784811226e-05 0   -1.584284605267699e-05 -7.487251780839699e-06 0  
15 231153  1.800000000000001 -4.05 0  6.800000000000001 0 0   1.213948861640557e-05 -1.064256093452143e-05 0   -1.608178930759263e-05 -7.602358818610891e-06 0  
15 217733  1.899999999999999 -4.05 0  6.899999999999999 0 0   1.249716598639952e-05 -1.055789375353517e-05 0   -1.659798697301387e-05 -8.042420051432644e-06 0  
15 241605  2 -4.05 0  7 0 0   1.262680840553886e-05 -1.063434703515651e-05 0   -1.672555979384451e-05 -8.258497835225004e-06 0  
15 233765  2.1 -4.05 0  7.1 0 0   1.293662968021082e-05 -1.067714759921817e-05 0   -1.715266268077689e-05 -8.363788000191955e-06 0  
15 234642  2.199999999999999 -4.05 0  7.199999999999999 0 0   1.342543080501562e-05 -1.075796419353677e-05 0   -1.772874374252064e-05 -8.605387316135832e-06 0  
15 238871  2.3 -4.05 0  7.3 0 0   1.369658561792254e-05 -1.089978240573566e-05 0   -1.820417686091216e-05 -8.815704794417831e-06 0  
15 252124  2.4 -4.05 0  7.4 0 0   1.394523760005532e-05 -1.095778489575323e-05 0   -1.858264854546175e-05 -8.984736995492487e-06 0  
15 225693  2.5 -4.05 0  7.5 0 0   1.459302376155308e-05 -1.112959632570704e-05 0   -1.964843234950314e-05 -9.1891298311126e-06 0  
15 238597  2.6 -4.05 0  7.6 0 0   1.487772528314534e-05 -1.125920988335051e-05 0   -2.014020116599975e-05 -9.357975386255907e-06 0  
15 217244  2.7 -4.05 0  7.7 0 0   1.547688689915606e-05 -1.173824772821345e-05 0   -2.10920480861812e-05 -9.023200961988734e-06 0  
15 225817  2.800000000000001 -4.05 0  7.800000000000001 0 0   1.592496912445414e-05 -1.192520155592308e-05 0   -2.19290637054198e-05 -9.075427603335434e-06 0  
15 247628  2.9 -4.05 0  7.9 0 0   1.638485656723743e-05 -1.206070808613176e-05 0   -2.301991329576279e-05 -9.784399096646884e-06 0  
15 242114  3 -4.05 0  8 0 0   1.719901656106271e-05 -1.262399565200617e-05 0   -2.4553723219101e-05 -9.398808173662412e-06 0  
15 219745  3.100000000000001 -4.05 0  8.100000000000001 0 0   1.789103753151145e-05 -1.257224496336727e-05 0   -2.614264391555612e-05 -1.071598745514251e-05 0  
15 236709  3.199999999999999 -4.05 0  8.199999999999999 0 0   1.868736325630783e-05 -1.277662584541666e-05 0   -2.765453319964438e-05 -1.086591078594198e-05 0  
15 240071  3.299999999999999 -4.05 0  8.299999999999999 0 0   1.935557177631378e-05 -1.358166206070956e-05 0   -2.880589911027909e-05 -1.136048265099401e-05 0  
15 250256  3.4 -4.05 0  8.4 0 0   2.067315388752287e-05 -1.416149205617852e-05 0   -3.199478094844353e-05 -1.228731194583867e-05 0  
15 253019  3.5 -4.05 0  8.5 0 0   2.196872226482442e-05 -1.442900482031629e-05 0   -3.411964038557138e-05 -1.254812449434303e-05 0  
15 241950  3.6 -4.05 0  8.6 0 0   2.294615096881778e-05 -1.533225475678192e-05 0   -3.555911554765576e-05 -1.423349773875364e-05 0  
15 229413  3.699999999999999 -4.05 0  8.699999999999999 0 0   2.584917907650372e-05 -1.561340530008629e-05 0   -4.059442213083086e-05 -1.638583595394046e-05 0  
15 215002  3.800000000000001 -4.05 0  8.800000000000001 0 0   2.699895158631818e-05 -1.649679849852052e-05 0   -4.241465170798549e-05 -1.816745030543739e-05 0  
15 226950  3.9 -4.05 0  8.9 0 0   3.024770580977061e-05 -1.922743277135122e-05 0   -4.635920549194567e-05 -1.828413776149874e-05 0  
15 217639  4 -4.05 0  9 0 0   3.205985707230405e-05 -1.791258753743529e-05 0   -4.808709910557318e-05 -2.361194157532269e-05 0  
15 254076  4.1 -4.05 0  9.1 0 0   3.709752815132588e-05 -1.927688148766924e-05 0   -5.453657964781325e-05 -2.830966507709996e-05 0  
15 231985  4.200000000000001 -4.05 0  9.200000000000001 0 0   4.546105513685892e-05 -1.893536879625556e-05 0   -6.155359634833215e-05 -3.284231886321876e-05 0  
15 214864  4.300000000000001 -4.05 0  9.300000000000001 0 0   5.187232463545817e-05 -1.754996204881881e-05 0   -6.798389033422711e-05 -4.177191892260068e-05 0  
15 246381  4.399999999999999 -4.05 0  9.399999999999999 0 0   5.620015513639761e-05 -1.682517918912799e-05 0   -7.041154845820793e-05 -5.005096879596126e-05 0  
15 226657  4.5 -4.05 0  9.5 0 0   6.435359312925823e-05 -1.265065876532973e-05 0   -7.361845824791803e-05 -6.008769073051479e-05 0  
15 237529  4.6 -4.05 0  9.6 0 0   8.288202610982263e-05 -1.0818671319661e-05 0   -7.930764496723048e-05 -6.989710968826821e-05 0  
15 234914  4.699999999999999 -4.05 0  9.699999999999999 0 0   9.52753155432657e-05 8.272601322326491e-06 0   -8.494275947320586e-05 -9.873787420584985e-05 0  
15 225769  4.800000000000001 -4.05 0  9.800000000000001 0 0   0.0001213887704027659 2.650170389025507e-05 0   -7.919905129401489e-05 -0.0001211521757839805 0  
15 217981  4.9 -4.05 0  9.9 0 0   0.000119559747035304 6.64956636347038e-05 0   -7.221945777565256e-05 -0.0001634293910716192 0  
15 230356  5 -4.05 0  10 0 0   7.116386188335544e-05 0.0001378458801265282 0   1.306832318132001e-05 -0.0001984921420257954 0  
