15 225771  -5 -4.05 0  0 0 0   -5.498026552657213e-05 -6.120375993953764e-05 0   5.902851009035107e-05 -0.0002734423418286891 0  
15 213396  -4.9 -4.05 0  0.1 0 0   1.089800265116831e-05 -9.05878363644182e-05 0   0.000167580237748933 -0.0001526715437522815 0  
15 221184  -4.8 -4.05 0  0.2 0 0   1.79390412058467e-05 -6.740299120111385e-05 0   0.0001714532913462139 -8.231730324503774e-05 0  
15 230329  -4.7 -4.05 0  0.3 0 0   3.533706172592746e-05 -5.398992711347556e-05 0   0.000129564014828786 -5.265428462262849e-05 0  
15 232944  -4.6 -4.05 0  0.4 0 0   3.415555487048643e-05 -3.65105880203476e-05 0   0.0001114702121747723 -2.314388587851702e-05 0  
15 222074  -4.5 -4.05 0  0.5 0 0   3.359099091642222e-05 -3.01916715593325e-05 0   8.689818748473105e-05 -1.927207361693446e-05 0  
15 241796  -4.4 -4.05 0  0.6 0 0   3.258123540985755e-05 -2.455328815319712e-05 0   7.690131266341804e-05 -1.229374152196538e-05 0  
15 210281  -4.3 -4.05 0  0.7000000000000001 0 0   3.164278486112289e-05 -1.989412970940997e-05 0   7.175398869202661e-05 -9.402573305797735e-06 0  
15 227400  -4.2 -4.05 0  0.8 0 0   2.867568812550214e-05 -1.518071286881557e-05 0   6.333050298444609e-05 -5.260299197622394e-06 0  
15 249493  -4.1 -4.05 0  0.8999999999999999 0 0   2.572276110370196e-05 -1.283663162239784e-05 0   5.314600899410864e-05 -3.302131392430088e-06 0  
15 213056  -4 -4.05 0  1 0 0   2.300275578825889e-05 -1.042600874247025e-05 0   4.629843123801422e-05 -2.614123638790787e-06 0  
15 222365  -3.9 -4.05 0  1.1 0 0   2.234581824339535e-05 -7.944123149472083e-06 0   4.412012856388689e-05 8.256681855453932e-07 0  
15 210417  -3.8 -4.05 0  1.2 0 0   2.074497894496006e-05 -7.594325428328635e-06 0   3.979371311141648e-05 -1.054791680545238e-06 0  
15 224830  -3.7 -4.05 0  1.3 0 0   2.002560542718258e-05 -6.633329891508048e-06 0   3.807590575843076e-05 -6.865910140161149e-07 0  
15 237367  -3.6 -4.05 0  1.4 0 0   1.79598173903139e-05 -5.541517922895509e-06 0   3.336443899641401e-05 3.928343288595731e-07 0  
15 248434  -3.5 -4.05 0  1.5 0 0   1.740258471477458e-05 -4.55241975952272e-06 0   3.189291219612717e-05 1.021283624608529e-06 0  
15 245673  -3.4 -4.05 0  1.6 0 0   1.654796185114493e-05 -4.372548634589248e-06 0   2.977426269963265e-05 1.066364779631936e-06 0  
15 235488  -3.3 -4.05 0  1.7 0 0   1.51500246512631e-05 -3.794204810124099e-06 0   2.68169310402252e-05 1.453931248908066e-06 0  
15 232124  -3.2 -4.05 0  1.8 0 0   1.468423899277958e-05 -3.352878391428798e-06 0   2.561561629160465e-05 1.540157161371118e-06 0  
15 215160  -3.1 -4.05 0  1.9 0 0   1.403467198982943e-05 -3.222424571175245e-06 0   2.403009217985834e-05 1.591644393525091e-06 0  
15 237531  -3 -4.05 0  2 0 0   1.330478450613411e-05 -2.461055491604654e-06 0   2.23408161087995e-05 2.850451486573376e-06 0  
15 243045  -2.9 -4.05 0  2.1 0 0   1.258497037837461e-05 -2.536588179531207e-06 0   2.054732027876281e-05 2.316015237785463e-06 0  
15 221232  -2.8 -4.05 0  2.2 0 0   1.202556556826405e-05 -2.052259159363295e-06 0   1.925470316579189e-05 3.072349739056089e-06 0  
15 212659  -2.7 -4.05 0  2.3 0 0   1.159984337572131e-05 -1.967894887800977e-06 0   1.815556360344923e-05 3.093031185914114e-06 0  
15 234014  -2.6 -4.05 0  2.4 0 0   1.108834951760481e-05 -2.074827957433104e-06 0   1.679322175162463e-05 2.519298429977217e-06 0  
15 221110  -2.5 -4.05 0  2.5 0 0   1.082085530444552e-05 -1.950931927926505e-06 0   1.606903358844633e-05 2.655201696818814e-06 0  
15 247541  -2.4 -4.05 0  2.6 0 0   1.015652571489904e-05 -1.816410820946405e-06 0   1.431353862697089e-05 2.760964497427326e-06 0  
15 234286  -2.3 -4.05 0  2.7 0 0   9.90861802525398e-06 -1.729415945063965e-06 0   1.359983238954725e-05 2.889026308390205e-06 0  
15 230059  -2.2 -4.05 0  2.8 0 0   9.618188369220668e-06 -1.633064314544727e-06 0   1.282696663590984e-05 2.957836649492354e-06 0  
15 229182  -2.1 -4.05 0  2.9 0 0   9.146557252454396e-06 -1.572882605799567e-06 0   1.146508092695177e-05 3.041185488254598e-06 0  
15 237022  -2 -4.05 0  3 0 0   8.850276004852625e-06 -1.55392071085294e-06 0   1.058923847022109e-05 3.045167797709886e-06 0  
15 213150  -1.9 -4.05 0  3.1 0 0   8.700317719883898e-06 -1.523286631500631e-06 0   1.016758592243486e-05 3.060401912780876e-06 0  
15 226570  -1.8 -4.05 0  3.2 0 0   8.344831789079942e-06 -1.391105235258252e-06 0   9.074768877621701e-06 3.491727155855925e-06 0  
15 226351  -1.7 -4.05 0  3.3 0 0   8.030194738552245e-06 -1.476872837577345e-06 0   8.067011987409386e-06 3.116121356772777e-06 0  
15 239504  -1.6 -4.05 0  3.4 0 0   7.87285085325765e-06 -1.496854966650293e-06 0   7.593047714101082e-06 3.060994733611495e-06 0  
15 214184  -1.5 -4.05 0  3.5 0 0   7.527595739662419e-06 -1.505996703948941e-06 0   6.44519673003623e-06 3.091873680261589e-06 0  
15 237803  -1.4 -4.05 0  3.6 0 0   7.33182080398236e-06 -1.527480945303278e-06 0   5.696109929271762e-06 3.04639390273035e-06 0  
15 237694  -1.3 -4.05 0  3.7 0 0   7.243029998461314e-06 -1.5621767176926e-06 0   5.352318027584003e-06 2.962027637172949e-06 0  
15 235267  -1.2 -4.05 0  3.8 0 0   6.999142817559555e-06 -1.493372456601972e-06 0   4.47138116262992e-06 3.292947557465009e-06 0  
15 238009  -1.1 -4.05 0  3.9 0 0   6.769914806704986e-06 -1.642805553312554e-06 0   3.620362450203283e-06 2.876311787848758e-06 0  
15 211914  -1 -4.05 0  4 0 0   6.654743539368131e-06 -1.721969060338748e-06 0   3.110023732270234e-06 2.687007982629663e-06 0  
15 218076  -0.9000000000000004 -4.05 0  4.1 0 0   6.507345991180771e-06 -1.728715151187206e-06 0   2.374291997818585e-06 3.008993684558772e-06 0  
15 241621  -0.7999999999999998 -4.05 0  4.2 0 0   6.348333830082488e-06 -1.86789686525089e-06 0   1.668166150634726e-06 2.562457852968436e-06 0  
15 213986  -0.7000000000000002 -4.05 0  4.3 0 0   6.266772329100288e-06 -1.941447856790282e-06 0   1.26353800558544e-06 2.451901767908278e-06 0  
15 223884  -0.5999999999999996 -4.05 0  4.4 0 0   6.155777039231039e-06 -1.989996449801236e-06 0   5.294320548944464e-07 2.674290189982539e-06 0  
15 210621  -0.5 -4.05 0  4.5 0 0   6.030952060140802e-06 -2.130205786729245e-06 0   -1.78714795801959e-07 2.243871037548376e-06 0  
15 232865  -0.3999999999999995 -4.05 0  4.600000000000001 0 0   5.994520119366424e-06 -2.234969720066974e-06 0   -4.910186174092966e-07 2.075981130888159e-06 0  
15 216111  -0.3000000000000007 -4.05 0  4.699999999999999 0 0   5.929735380512863e-06 -2.310244170298113e-06 0   -1.227044247168775e-06 2.292994142466358e-06 0  
15 239441  -0.2000000000000002 -4.05 0  4.8 0 0   5.856107731851292e-06 -2.458116711808426e-06 0   -1.837083313299161e-06 1.852227977330693e-06 0  
15 216972  -0.09999999999999964 -4.05 0  4.9 0 0   5.837722732022251e-06 -2.551190144635629e-06 0   -2.17622561829358e-06 1.763614839416471e-06 0  
15 223624  0 -4.05 0  5 0 0   5.835928386148676e-06 -2.688731929631472e-06 0   -2.978058377164049e-06 1.523336679614545e-06 0  
15 244511  0.09999999999999964 -4.05 0  5.1 0 0   5.814934297587832e-06 -2.817726140874003e-06 0   -3.435321820592294e-06 1.402586500892297e-06 0  
15 238096  0.2000000000000002 -4.05 0  5.2 0 0   5.835946815274404e-06 -2.907944136738372e-06 0   -3.772081087265785e-06 1.240033448421558e-06 0  
15 210007  0.3000000000000007 -4.05 0  5.300000000000001 0 0   5.886912486253201e-06 -3.061787768309586e-06 0   -4.20106024537608e-06 1.200261270859794e-06 0  
15 221309  0.4000000000000004 -4.05 0  5.4 0 0   5.94145549834161e-06 -3.119537772587714e-06 0   -4.865202918481228e-06 1.103688452150017e-06 0  
15 211248  0.5 -4.05 0  5.5 0 0   5.973524608725756e-06 -3.254052803600122e-06 0   -5.346703283254373e-06 8.338956195797984e-07 0  
15 222287  0.6000000000000005 -4.05 0  5.600000000000001 0 0   6.022224923778236e-06 -3.363513564896557e-06 0   -5.655849436546952e-06 6.931669317808593e-07 0  
15 232298  0.6999999999999993 -4.05 0  5.699999999999999 0 0   6.13842085432913e-06 -3.520467244087151e-06 0   -6.488438434386259e-06 6.417647883828065e-07 0  
15 248637  0.7999999999999998 -4.05 0  5.8 0 0   6.206427795856805e-06 -3.607050450656153e-06 0   -6.80005037352778e-06 4.933436409558165e-07 0  
15 240614  0.8999999999999995 -4.05 0  5.899999999999999 0 0   6.329856167962386e-06 -3.751269327621212e-06 0   -7.160429460687477e-06 4.021922386746729e-07 0  
15 225539  1 -4.05 0  6 0 0   6.501396026520189e-06 -3.847648952010787e-06 0   -8.003432495728383e-06 1.552206664251835e-07 0  
15 244344  1.1 -4.05 0  6.1 0 0   6.594491829686798e-06 -3.953492252765731e-06 0   -8.305178556048537e-06 9.198911599377774e-08 0  
15 220235  1.2 -4.05 0  6.2 0 0   6.812270488020073e-06 -4.129874927360813e-06 0   -8.962138822065334e-06 2.509298100712015e-07 0  
15 226284  1.3 -4.05 0  6.3 0 0   6.97304009224808e-06 -4.128721457570197e-06 0   -9.529596725745947e-06 -2.500958811262055e-07 0  
15 248253  1.4 -4.05 0  6.4 0 0   7.110777427096669e-06 -4.187313830508502e-06 0   -9.969075972605457e-06 -3.057245727385374e-07 0  
15 211616  1.5 -4.05 0  6.5 0 0   7.276968946615308e-06 -4.280643560530489e-06 0   -1.037385907944489e-05 -4.592159685411906e-07 0  
15 242523  1.600000000000001 -4.05 0  6.600000000000001 0 0   7.57732049787932e-06 -4.370796955531889e-06 0   -1.13356453327277e-05 -5.542747502666409e-07 0  
15 226350  1.7 -4.05 0  6.7 0 0   7.705617799090441e-06 -4.450557697213453e-06 0   -1.171636167797288e-05 -6.066078637708208e-07 0  
15 226569  1.800000000000001 -4.05 0  6.800000000000001 0 0   8.004699087366324e-06 -4.626515500282949e-06 0   -1.24623392401095e-05 -4.469371570328326e-07 0  
15 213149  1.899999999999999 -4.05 0  6.899999999999999 0 0   8.292906337472632e-06 -4.571157374092959e-06 0   -1.335913856470887e-05 -8.956705737570014e-07 0  
15 237021  2 -4.05 0  7 0 0   8.420252446232545e-06 -4.627196512731894e-06 0   -1.368639833076264e-05 -1.009216323225558e-06 0  
15 229181  2.1 -4.05 0  7.1 0 0   8.660189898378504e-06 -4.656514357122452e-06 0   -1.440410569285722e-05 -1.061833950651708e-06 0  
15 230058  2.199999999999999 -4.05 0  7.199999999999999 0 0   9.061701558090931e-06 -4.702163439145745e-06 0   -1.550672868087631e-05 -1.231061335949316e-06 0  
15 234287  2.3 -4.05 0  7.3 0 0   9.265598529071113e-06 -4.765278294730373e-06 0   -1.617563528103199e-05 -1.403197107952871e-06 0  
15 247540  2.4 -4.05 0  7.4 0 0   9.472536190100214e-06 -4.777035047754713e-06 0   -1.677019235185508e-05 -1.570839859004608e-06 0  
15 221109  2.5 -4.05 0  7.5 0 0   9.970802069957176e-06 -4.829153223765243e-06 0   -1.82773110705076e-05 -1.756533657908121e-06 0  
15 234013  2.6 -4.05 0  7.6 0 0   1.017117347383688e-05 -4.854019527169871e-06 0   -1.891976856532472e-05 -1.935672677876726e-06 0  
15 212660  2.7 -4.05 0  7.7 0 0   1.056833733505883e-05 -5.098080289891276e-06 0   -2.012132622666255e-05 -1.492470697295883e-06 0  
15 221233  2.800000000000001 -4.05 0  7.800000000000001 0 0   1.08708358333399e-05 -5.150088238539654e-06 0   -2.112302015148081e-05 -1.548763604370361e-06 0  
15 243044  2.9 -4.05 0  7.9 0 0   1.119216358299935e-05 -5.079807103023097e-06 0   -2.233922805124945e-05 -2.350830688451974e-06 0  
15 237530  3 -4.05 0  8 0 0   1.167841543005163e-05 -5.321034868900226e-06 0   -2.401374104983329e-05 -1.907395571494608e-06 0  
15 215161  3.100000000000001 -4.05 0  8.100000000000001 0 0   1.209799459252353e-05 -5.154023412082086e-06 0   -2.563801525760565e-05 -3.21919227027137e-06 0  
15 232125  3.199999999999999 -4.05 0  8.199999999999999 0 0   1.251819924945391e-05 -5.215912221173514e-06 0   -2.716531269007197e-05 -3.319270411453537e-06 0  
15 235487  3.299999999999999 -4.05 0  8.299999999999999 0 0   1.285585723837048e-05 -5.47639143157262e-06 0   -2.832104874998017e-05 -3.585026106638078e-06 0  
15 245672  3.4 -4.05 0  8.4 0 0   1.351334693686796e-05 -5.666930540488871e-06 0   -3.131037412439173e-05 -4.159079030331865e-06 0  
15 248435  3.5 -4.05 0  8.5 0 0   1.40843306283296e-05 -5.769250476012278e-06 0   -3.340162504966195e-05 -4.280437374087204e-06 0  
15 237366  3.6 -4.05 0  8.6 0 0   1.451088350290188e-05 -6.130430107773735e-06 0   -3.484585853565265e-05 -5.255015118028374e-06 0  
15 224829  3.699999999999999 -4.05 0  8.699999999999999 0 0   1.567230793080578e-05 -6.318191910380277e-06 0   -3.964163904544762e-05 -6.665470441453471e-06 0  
15 210418  3.800000000000001 -4.05 0  8.800000000000001 0 0   1.611743051388995e-05 -6.823289924394766e-06 0   -4.137867469711188e-05 -7.453715555499549e-06 0  
15 222366  3.9 -4.05 0  8.9 0 0   1.740944611399418e-05 -8.171257903235294e-06 0   -4.566789453374666e-05 -6.14317358080263e-06 0  
15 213055  4 -4.05 0  9 0 0   1.817280857386704e-05 -8.06969589593168e-06 0   -4.774826665817928e-05 -1.02126383594173e-05 0  
15 249492  4.1 -4.05 0  9.1 0 0   2.007862049401247e-05 -9.53132288453206e-06 0   -5.466528314088462e-05 -1.209010567804637e-05 0  
15 227401  4.200000000000001 -4.05 0  9.200000000000001 0 0   2.375673010067954e-05 -1.020815084502795e-05 0   -6.437069437141687e-05 -1.495838357414795e-05 0  
15 210280  4.300000000000001 -4.05 0  9.300000000000001 0 0   2.638528131586844e-05 -1.148086115657936e-05 0   -7.271415789078398e-05 -2.091550522045991e-05 0  
15 241797  4.399999999999999 -4.05 0  9.399999999999999 0 0   2.867252376524985e-05 -1.346932491329199e-05 0   -7.731178844874297e-05 -2.588276122110923e-05 0  
15 222073  4.5 -4.05 0  9.5 0 0   3.376240629153777e-05 -1.385668288952002e-05 0   -8.576972254459997e-05 -3.465673892564993e-05 0  
15 232945  4.6 -4.05 0  9.6 0 0   4.776055306193122e-05 -1.66441630027315e-05 0   -0.0001054367977000793 -4.140259353881126e-05 0  
15 230330  4.699999999999999 -4.05 0  9.699999999999999 0 0   5.738189315066276e-05 -1.350742904311303e-05 0   -0.0001203811792320365 -7.491359443207845e-05 0  
15 221185  4.800000000000001 -4.05 0  9.800000000000001 0 0   9.573405133057327e-05 -7.254051217579056e-06 0   -0.0001431700005455185 -0.0001062018460124652 0  
15 213397  4.9 -4.05 0  9.9 0 0   9.939882476389281e-05 1.378683897230196e-05 0   -0.0001359538512682237 -0.0001754374125418085 0  
15 225772  5 -4.05 0  10 0 0   9.578949051719521e-05 0.0001072910071560256 0   -1.085988401636206e-05 -0.0002537169626516712 0  
