15 537807  -2 -4.05 0  0 0 0   3.860261141061527e-05 7.29637282355089e-05 0   -4.512536515610677e-05 -0.0001886222184122044 0  
15 597696  -1.96 -4.05 0  0.04 0 0   7.082589751072899e-07 6.834380765830331e-05 0   -3.730825909445401e-06 -0.0001845547968513418 0  
15 572364  -1.92 -4.05 0  0.08 0 0   -2.396200054039649e-05 4.660129837662924e-05 0   2.511533342109545e-05 -0.0001614603770196121 0  
15 555625  -1.88 -4.05 0  0.12 0 0   -2.923005539299736e-05 4.176994618698693e-05 0   3.302176142499363e-05 -0.0001563204692381151 0  
15 562107  -1.84 -4.05 0  0.16 0 0   -3.140320969408084e-05 2.244149083143257e-05 0   3.713524772959442e-05 -0.0001342607055616271 0  
15 551954  -1.8 -4.05 0  0.2 0 0   -3.33826392343306e-05 1.707511226495262e-05 0   4.190387179274155e-05 -0.000127900668794978 0  
15 553042  -1.76 -4.05 0  0.24 0 0   -3.206132797879679e-05 7.597763424897763e-06 0   4.256372449146228e-05 -0.0001162015122899776 0  
15 592579  -1.72 -4.05 0  0.28 0 0   -3.120903231157955e-05 1.681306641160285e-06 0   4.30822057376672e-05 -0.0001085890283862162 0  
15 558482  -1.68 -4.05 0  0.32 0 0   -3.069479135136069e-05 -5.371423397203257e-06 0   4.339248616969191e-05 -9.997304031781479e-05 0  
15 576919  -1.64 -4.05 0  0.36 0 0   -2.784848878431209e-05 -6.957455638015309e-06 0   4.162736562578206e-05 -9.626135729272345e-05 0  
15 579748  -1.6 -4.05 0  0.4 0 0   -2.671802021843306e-05 -1.048206366626239e-05 0   4.168961932955045e-05 -9.209564309499776e-05 0  
15 576128  -1.56 -4.05 0  0.44 0 0   -2.46806134048469e-05 -1.46678280000985e-05 0   3.976741233677195e-05 -8.56097878131068e-05 0  
15 586613  -1.52 -4.05 0  0.48 0 0   -2.29630061885297e-05 -1.604662336775892e-05 0   3.887975422920548e-05 -8.2711077074131e-05 0  
15 569185  -1.48 -4.05 0  0.52 0 0   -2.225668979495901e-05 -1.841381463622491e-05 0   3.876564713306899e-05 -7.957316895405853e-05 0  
15 541885  -1.44 -4.05 0  0.5600000000000001 0 0   -2.021879186220321e-05 -2.053394186000285e-05 0   3.717645092051608e-05 -7.597207603023994e-05 0  
15 573019  -1.4 -4.05 0  0.6 0 0   -1.846077078944408e-05 -2.320140800405462e-05 0   3.626615665975469e-05 -7.195629774910811e-05 0  
15 538234  -1.36 -4.05 0  0.64 0 0   -1.68449503571283e-05 -2.409987721430171e-05 0   3.530227230061703e-05 -6.961844148455337e-05 0  
15 535484  -1.32 -4.05 0  0.68 0 0   -1.465400250446475e-05 -2.513487054905256e-05 0   3.346153675776176e-05 -6.773888277413972e-05 0  
15 590497  -1.28 -4.05 0  0.72 0 0   -1.316209951374766e-05 -2.587637309377916e-05 0   3.188038138390251e-05 -6.615702939855722e-05 0  
15 564324  -1.24 -4.05 0  0.76 0 0   -1.235417016876711e-05 -2.722397377493291e-05 0   3.160037583223654e-05 -6.350420513001479e-05 0  
15 555472  -1.2 -4.05 0  0.8 0 0   -1.043856792634981e-05 -2.90359749563103e-05 0   2.962095796280907e-05 -6.059593952737613e-05 0  
15 536260  -1.16 -4.05 0  0.84 0 0   -9.068778310764025e-06 -2.957535182959194e-05 0   2.849144988914878e-05 -5.945547398581059e-05 0  
15 548980  -1.12 -4.05 0  0.88 0 0   -8.256061861364877e-06 -3.051690429855744e-05 0   2.781220398173634e-05 -5.746646515884281e-05 0  
15 550413  -1.08 -4.05 0  0.92 0 0   -6.004915276126149e-06 -3.114853111707561e-05 0   2.589180516941736e-05 -5.584148748250667e-05 0  
15 560172  -1.04 -4.05 0  0.96 0 0   -5.250169297421614e-06 -3.169760554111618e-05 0   2.564003588094443e-05 -5.423994141872442e-05 0  
15 592504  -1 -4.05 0  1 0 0   -4.245262282140394e-06 -3.209041478720309e-05 0   2.465406049929203e-05 -5.354875995325012e-05 0  
15 570279  -0.96 -4.05 0  1.04 0 0   -2.786545444014021e-06 -3.298236660913105e-05 0   2.297522738750613e-05 -5.17983836114573e-05 0  
15 546366  -0.9199999999999999 -4.05 0  1.08 0 0   -1.632131616363316e-06 -3.344610311283025e-05 0   2.191722573059371e-05 -5.069722462324247e-05 0  
15 541417  -0.8799999999999999 -4.05 0  1.12 0 0   -6.050290892452119e-07 -3.385959821276124e-05 0   2.106203530510267e-05 -4.922597924020972e-05 0  
15 549346  -0.8400000000000001 -4.05 0  1.16 0 0   9.222214773056681e-07 -3.401386100352136e-05 0   1.967474158159899e-05 -4.875688721923087e-05 0  
15 559586  -0.8 -4.05 0  1.2 0 0   2.176568624653874e-06 -3.456284093125012e-05 0   1.82510457220203e-05 -4.752319354627173e-05 0  
15 541581  -0.76 -4.05 0  1.24 0 0   2.848473029299498e-06 -3.497496352432294e-05 0   1.762365701419265e-05 -4.657226061210301e-05 0  
15 545127  -0.72 -4.05 0  1.28 0 0   3.594784915239568e-06 -3.480471530681664e-05 0   1.686540751969293e-05 -4.627149540300038e-05 0  
15 535532  -0.6799999999999999 -4.05 0  1.32 0 0   5.219919378393612e-06 -3.451150262447425e-05 0   1.521405358348438e-05 -4.585100429722357e-05 0  
15 572835  -0.6399999999999999 -4.05 0  1.36 0 0   6.254907496561213e-06 -3.532662921427662e-05 0   1.421281323842061e-05 -4.462801342500038e-05 0  
15 547642  -0.6000000000000001 -4.05 0  1.4 0 0   7.567497705425474e-06 -3.540615652746892e-05 0   1.281161408081544e-05 -4.426656014343017e-05 0  
15 546748  -0.5600000000000001 -4.05 0  1.44 0 0   8.101218796796594e-06 -3.528242869918485e-05 0   1.231459223202322e-05 -4.398205681847671e-05 0  
15 548027  -0.52 -4.05 0  1.48 0 0   9.559701369163398e-06 -3.53031628856984e-05 0   1.090217902961071e-05 -4.376128146852884e-05 0  
15 556219  -0.48 -4.05 0  1.52 0 0   1.072641830381083e-05 -3.516996577115905e-05 0   9.767025001296975e-06 -4.345163326404874e-05 0  
15 587595  -0.4399999999999999 -4.05 0  1.56 0 0   1.147168540979737e-05 -3.528427258797998e-05 0   8.907941364395128e-06 -4.298684065316e-05 0  
15 561883  -0.3999999999999999 -4.05 0  1.6 0 0   1.207133238683572e-05 -3.558551054872947e-05 0   8.391842287559098e-06 -4.25230598403159e-05 0  
15 546934  -0.3600000000000001 -4.05 0  1.64 0 0   1.349982827854312e-05 -3.55775544759046e-05 0   6.9940262077961e-06 -4.236082010724423e-05 0  
15 565157  -0.3200000000000001 -4.05 0  1.68 0 0   1.458994160831451e-05 -3.593785419677212e-05 0   5.844303092354675e-06 -4.17742489720041e-05 0  
15 558353  -0.28 -4.05 0  1.72 0 0   1.556157243688683e-05 -3.547894974169352e-05 0   4.903438211474598e-06 -4.206863105629677e-05 0  
15 545956  -0.24 -4.05 0  1.76 0 0   1.678695046360146e-05 -3.572660751806692e-05 0   3.65698617416782e-06 -4.168229880761876e-05 0  
15 545128  -0.2 -4.05 0  1.8 0 0   1.750025564034585e-05 -3.515835316580257e-05 0   2.920953372061857e-06 -4.215101273275131e-05 0  
15 579503  -0.1599999999999999 -4.05 0  1.84 0 0   1.839674648365652e-05 -3.478639377805376e-05 0   2.058261623888447e-06 -4.238177653491382e-05 0  
15 535541  -0.1200000000000001 -4.05 0  1.88 0 0   1.948208919994726e-05 -3.537014864896798e-05 0   1.00165817999362e-06 -4.175600184664133e-05 0  
15 539326  -0.08000000000000007 -4.05 0  1.92 0 0   2.009835959432965e-05 -3.484282818547527e-05 0   4.127902388482985e-07 -4.224084519798867e-05 0  
15 572040  -0.04000000000000004 -4.05 0  1.96 0 0   2.137816615219168e-05 -3.473968820998097e-05 0   -8.009235479625176e-07 -4.234004907409036e-05 0  
15 542376  0 -4.05 0  2 0 0   2.225207790847866e-05 -3.499845233571192e-05 0   -1.61244993850812e-06 -4.212082655490924e-05 0  
15 548303  0.04000000000000004 -4.05 0  2.04 0 0   2.310778454478989e-05 -3.466711955576324e-05 0   -2.43201990757138e-06 -4.250860350551305e-05 0  
15 586375  0.08000000000000007 -4.05 0  2.08 0 0   2.422660672619925e-05 -3.464245127496324e-05 0   -3.462347115484876e-06 -4.256320787110121e-05 0  
15 569305  0.1200000000000001 -4.05 0  2.12 0 0   2.466014469863081e-05 -3.41611251060657e-05 0   -3.819785414579252e-06 -4.314228288381308e-05 0  
15 535036  0.1600000000000001 -4.05 0  2.16 0 0   2.577938923899528e-05 -3.406752791628234e-05 0   -4.757665663882721e-06 -4.331617110796271e-05 0  
15 569799  0.2000000000000002 -4.05 0  2.2 0 0   2.728751586543454e-05 -3.375334491437232e-05 0   -6.144307868424792e-06 -4.377571151346731e-05 0  
15 540594  0.2400000000000002 -4.05 0  2.24 0 0   2.786694021802982e-05 -3.319208799577866e-05 0   -6.648860104450927e-06 -4.444314362137339e-05 0  
15 579695  0.2799999999999998 -4.05 0  2.28 0 0   2.861456266217005e-05 -3.336134371126342e-05 0   -7.248866102163576e-06 -4.457854772711711e-05 0  
15 547058  0.3199999999999998 -4.05 0  2.32 0 0   2.959188881308805e-05 -3.256585466546169e-05 0   -8.040342274525519e-06 -4.546168759475555e-05 0  
15 573730  0.3599999999999999 -4.05 0  2.36 0 0   3.034364555412616e-05 -3.261725131216593e-05 0   -8.702100281327702e-06 -4.563141572545143e-05 0  
15 563113  0.3999999999999999 -4.05 0  2.4 0 0   3.158570272536465e-05 -3.248183062040319e-05 0   -9.712536979053499e-06 -4.61745596125919e-05 0  
15 566278  0.4399999999999999 -4.05 0  2.44 0 0   3.297729349378831e-05 -3.17439789067557e-05 0   -1.081629765168138e-05 -4.709619667419915e-05 0  
15 556620  0.48 -4.05 0  2.48 0 0   3.384040171555691e-05 -3.160091421054029e-05 0   -1.132239999848683e-05 -4.738195801367098e-05 0  
15 556027  0.52 -4.05 0  2.52 0 0   3.471052818334111e-05 -3.096592665573217e-05 0   -1.204744331344959e-05 -4.838140145862688e-05 0  
15 585356  0.5600000000000001 -4.05 0  2.56 0 0   3.593023444745796e-05 -3.12289853846015e-05 0   -1.293556939627183e-05 -4.85231543418084e-05 0  
15 549391  0.6000000000000001 -4.05 0  2.6 0 0   3.703718138448747e-05 -3.049516238404909e-05 0   -1.355502982127582e-05 -4.959428517864808e-05 0  
15 552778  0.6400000000000001 -4.05 0  2.64 0 0   3.762552560087479e-05 -2.983140164788262e-05 0   -1.382181051150233e-05 -5.032406975608722e-05 0  
15 548413  0.6800000000000002 -4.05 0  2.68 0 0   3.898226175459707e-05 -2.927433701206748e-05 0   -1.500966266282031e-05 -5.156559826582756e-05 0  
15 573341  0.7200000000000002 -4.05 0  2.72 0 0   3.976824903268589e-05 -2.897424856834058e-05 0   -1.548136965902336e-05 -5.208708102235129e-05 0  
15 556991  0.7599999999999998 -4.05 0  2.76 0 0   4.097302367311179e-05 -2.876522143271595e-05 0   -1.608630420416382e-05 -5.282220415545914e-05 0  
15 563714  0.7999999999999998 -4.05 0  2.8 0 0   4.245400425959694e-05 -2.794838675080485e-05 0   -1.714371163309865e-05 -5.418759620720755e-05 0  
15 540610  0.8399999999999999 -4.05 0  2.84 0 0   4.315204961799837e-05 -2.715074382491495e-05 0   -1.746503325994291e-05 -5.529210718589056e-05 0  
15 544165  0.8799999999999999 -4.05 0  2.88 0 0   4.377394355078307e-05 -2.672019280785219e-05 0   -1.78131277565434e-05 -5.633125917856637e-05 0  
15 547412  0.9199999999999999 -4.05 0  2.92 0 0   4.520827989166337e-05 -2.628447151359348e-05 0   -1.85114438275534e-05 -5.705697774227581e-05 0  
15 574117  0.96 -4.05 0  2.96 0 0   4.618732179292873e-05 -2.582993044875082e-05 0   -1.881348102257541e-05 -5.857276750926774e-05 0  
15 592492  1 -4.05 0  3 0 0   4.752969352906505e-05 -2.477417634547206e-05 0   -1.980123008944387e-05 -6.014142242386205e-05 0  
15 560152  1.04 -4.05 0  3.04 0 0   4.848604263726561e-05 -2.43203804775674e-05 0   -2.033178583480538e-05 -6.074372243302512e-05 0  
15 550388  1.08 -4.05 0  3.08 0 0   4.907342210999123e-05 -2.358728946739996e-05 0   -2.007658624016487e-05 -6.237414869998334e-05 0  
15 548960  1.12 -4.05 0  3.12 0 0   5.108266063814232e-05 -2.283790673869752e-05 0   -2.082034424677123e-05 -6.394023215916186e-05 0  
15 536245  1.16 -4.05 0  3.16 0 0   5.180935024278951e-05 -2.184578550741209e-05 0   -2.107378158027612e-05 -6.570616237215957e-05 0  
15 555448  1.2 -4.05 0  3.2 0 0   5.302086895792729e-05 -2.13006489752348e-05 0   -2.147864156068144e-05 -6.670757675638662e-05 0  
15 564295  1.24 -4.05 0  3.24 0 0   5.472678721422583e-05 -1.962043204020714e-05 0   -2.252349322884838e-05 -6.893390223380869e-05 0  
15 590483  1.28 -4.05 0  3.28 0 0   5.542271857402609e-05 -1.842016845871736e-05 0   -2.230885210596778e-05 -7.11501180290855e-05 0  
15 535476  1.32 -4.05 0  3.32 0 0   5.671073362947809e-05 -1.780247138166539e-05 0   -2.316559839711865e-05 -7.250061389902588e-05 0  
15 538222  1.36 -4.05 0  3.36 0 0   5.857251447820289e-05 -1.69692464933556e-05 0   -2.386680560941511e-05 -7.39969398341634e-05 0  
15 572995  1.4 -4.05 0  3.4 0 0   5.995369871158313e-05 -1.634168591797477e-05 0   -2.394492985281424e-05 -7.609182155212876e-05 0  
15 541865  1.44 -4.05 0  3.44 0 0   6.149236443239031e-05 -1.437144086473968e-05 0   -2.389560732645943e-05 -7.896923869676539e-05 0  
15 569163  1.48 -4.05 0  3.48 0 0   6.317055895606154e-05 -1.299664101304249e-05 0   -2.445368498691595e-05 -8.170945032209484e-05 0  
15 586601  1.52 -4.05 0  3.52 0 0   6.385519458585592e-05 -1.137624439830759e-05 0   -2.417304878006912e-05 -8.379271518220086e-05 0  
15 576114  1.56 -4.05 0  3.56 0 0   6.536813349349997e-05 -1.080445652696521e-05 0   -2.417548288612245e-05 -8.617811844874659e-05 0  
15 579727  1.6 -4.05 0  3.6 0 0   6.682308783964065e-05 -8.707754610454144e-06 0   -2.51387410311805e-05 -9.089183612270152e-05 0  
15 576902  1.64 -4.05 0  3.64 0 0   6.805377227777493e-05 -6.65261286993124e-06 0   -2.447778389548343e-05 -9.349079462775065e-05 0  
15 558468  1.68 -4.05 0  3.68 0 0   7.033703791640283e-05 -6.713259849067815e-06 0   -2.490638668622633e-05 -9.661133948320015e-05 0  
15 592568  1.72 -4.05 0  3.72 0 0   7.110902653625906e-05 -3.605399404166265e-06 0   -2.433328899044754e-05 -0.0001021984283814236 0  
15 553031  1.76 -4.05 0  3.76 0 0   7.253173472326901e-05 -1.756300712906292e-06 0   -2.339269854767512e-05 -0.0001073503706748415 0  
15 551942  1.8 -4.05 0  3.8 0 0   7.489916494931442e-05 4.555780532579379e-07 0   -2.212953046967087e-05 -0.0001151970213947411 0  
15 562102  1.84 -4.05 0  3.84 0 0   7.751591257172674e-05 1.43028107958687e-06 0   -1.810447891258116e-05 -0.0001194215579945436 0  
15 555618  1.88 -4.05 0  3.88 0 0   8.030196016220459e-05 3.556591874256249e-06 0   -1.479712169863076e-05 -0.0001340357311516577 0  
15 572358  1.92 -4.05 0  3.92 0 0   8.538448311714002e-05 4.231211635383203e-06 0   -8.843137111440823e-06 -0.0001373709045909832 0  
15 597695  1.96 -4.05 0  3.96 0 0   9.778876423417737e-05 7.87293713763737e-06 0   1.120519061310887e-05 -0.0001524986574281163 0  
15 537808  2 -4.05 0  4 0 0   0.0001125974296712906 2.463546722519805e-05 0   3.941040953442387e-05 -0.0001546307237355049 0  
