15 217059  -1 -4.05 0  0 0 0   9.582754345496824e-05 8.201338444424611e-05 0   -3.617565639014997e-05 -0.0001277938447627469 0  
15 197526  -0.98 -4.05 0  0.02 0 0   6.402072524114288e-05 9.531134735024302e-05 0   -2.308762640458942e-05 -0.0001326943128776882 0  
15 214298  -0.96 -4.05 0  0.04 0 0   4.424925988966155e-05 9.08489429035618e-05 0   -1.479240589876731e-05 -0.000130562023356099 0  
15 230511  -0.9399999999999999 -4.05 0  0.06 0 0   3.083515043513473e-05 8.370826969659323e-05 0   -9.078175288980417e-06 -0.0001273706248174772 0  
15 239902  -0.92 -4.05 0  0.08 0 0   2.048855964542282e-05 7.394473100187302e-05 0   -4.51433030666977e-06 -0.0001230048694047248 0  
15 247437  -0.9 -4.05 0  0.1 0 0   1.242449231474499e-05 6.749469887368936e-05 0   -7.668761790816797e-07 -0.0001201071056584381 0  
15 260946  -0.88 -4.05 0  0.12 0 0   1.12595860920963e-05 6.150037311083642e-05 0   -1.592227147038938e-07 -0.000117369112066782 0  
15 257133  -0.86 -4.05 0  0.14 0 0   4.840744119324197e-06 5.563461751649339e-05 0   2.994313455725872e-06 -0.000114620075272842 0  
15 218281  -0.84 -4.05 0  0.16 0 0   4.151683051380696e-06 5.054201014039611e-05 0   3.545149935608926e-06 -0.0001122029697535679 0  
15 217376  -0.8200000000000001 -4.05 0  0.18 0 0   1.773309310792309e-06 4.550883055824597e-05 0   4.857552072475013e-06 -0.0001097439516402707 0  
15 209861  -0.8 -4.05 0  0.2 0 0   1.080363736775817e-06 4.075009764427373e-05 0   5.437237574907076e-06 -0.000107349297000181 0  
15 226498  -0.78 -4.05 0  0.22 0 0   -8.745240537202242e-07 3.768820274379454e-05 0   6.572159446018716e-06 -0.0001058398313197307 0  
15 176927  -0.76 -4.05 0  0.24 0 0   -2.065039882079289e-07 3.424685228694754e-05 0   6.456771778457285e-06 -0.0001041232183350577 0  
15 254821  -0.74 -4.05 0  0.26 0 0   -1.024155886489991e-06 3.163297291969812e-05 0   7.042194404727198e-06 -0.0001026497191569742 0  
15 218510  -0.72 -4.05 0  0.28 0 0   -1.526975080588279e-06 2.806913820312985e-05 0   7.546442915238975e-06 -0.0001007151969631397 0  
15 199276  -0.7 -4.05 0  0.3 0 0   -1.351426797135957e-06 2.668430489206159e-05 0   7.601556675134249e-06 -9.993797292754455e-05 0  
15 241359  -0.6799999999999999 -4.05 0  0.32 0 0   -1.898588591630473e-06 2.434212187823765e-05 0   8.115608716517675e-06 -9.870040550135923e-05 0  
15 234528  -0.6599999999999999 -4.05 0  0.34 0 0   -1.495136483349591e-06 2.193826325874726e-05 0   8.03266797033339e-06 -9.741970340480799e-05 0  
15 193753  -0.64 -4.05 0  0.36 0 0   -1.541099492411574e-06 1.986945869049579e-05 0   8.359355780893779e-06 -9.615262052835825e-05 0  
15 200635  -0.62 -4.05 0  0.38 0 0   -1.261711024208058e-06 1.892429741305601e-05 0   8.21233442915327e-06 -9.565525251056459e-05 0  
15 187724  -0.6 -4.05 0  0.4 0 0   -1.885738529569178e-06 1.700629018827268e-05 0   8.750063898133389e-06 -9.445737421670021e-05 0  
15 241879  -0.5800000000000001 -4.05 0  0.42 0 0   -1.473130207017143e-06 1.545869988867077e-05 0   8.763548395096868e-06 -9.354550757318184e-05 0  
15 196046  -0.5600000000000001 -4.05 0  0.44 0 0   -1.401051020021374e-06 1.441859845777724e-05 0   8.81253916125424e-06 -9.288955429956661e-05 0  
15 238813  -0.54 -4.05 0  0.46 0 0   -1.441958294420842e-06 1.274831215423641e-05 0   8.934391351796828e-06 -9.194905373912862e-05 0  
15 235641  -0.52 -4.05 0  0.48 0 0   -1.100372317053462e-06 1.145252028615824e-05 0   8.926031861257802e-06 -9.10900749046973e-05 0  
15 177868  -0.5 -4.05 0  0.5 0 0   -1.377306301255515e-06 1.033641239292244e-05 0   9.244577271097509e-06 -9.044425176748215e-05 0  
15 208434  -0.48 -4.05 0  0.52 0 0   -1.456073980957151e-06 9.479999054314708e-06 0   9.450236127781647e-06 -8.993438728324699e-05 0  
15 199772  -0.46 -4.05 0  0.54 0 0   -8.19281823301668e-07 8.186531319002988e-06 0   9.198140184067671e-06 -8.909303447908468e-05 0  
15 219149  -0.4399999999999999 -4.05 0  0.5600000000000001 0 0   -8.200648606883354e-07 7.413585446564008e-06 0   9.30342328736046e-06 -8.863041236906004e-05 0  
15 219844  -0.42 -4.05 0  0.58 0 0   -5.837833901255196e-07 6.218070763584771e-06 0   9.40136247498842e-06 -8.791359298380812e-05 0  
15 192026  -0.4 -4.05 0  0.6 0 0   -5.866156726195594e-08 5.089723765517792e-06 0   9.14984483518246e-06 -8.720936757258477e-05 0  
15 181754  -0.38 -4.05 0  0.62 0 0   -4.375219782026818e-07 4.601414106034096e-06 0   9.467487131686533e-06 -8.69186969687432e-05 0  
15 247155  -0.36 -4.05 0  0.64 0 0   3.858424200229443e-07 3.455341414410062e-06 0   9.176284481644467e-06 -8.622326977777636e-05 0  
15 224816  -0.34 -4.05 0  0.66 0 0   5.249236618883046e-07 2.727083009263637e-06 0   9.163745829250322e-06 -8.576641561931948e-05 0  
15 175832  -0.32 -4.05 0  0.68 0 0   7.875593802803005e-07 2.075866509410051e-06 0   9.134627807114507e-06 -8.536182877421847e-05 0  
15 251597  -0.3 -4.05 0  0.7 0 0   7.368039236683999e-07 1.409027608159207e-06 0   9.274300501384281e-06 -8.490666150124965e-05 0  
15 223473  -0.28 -4.05 0  0.72 0 0   1.146335240507276e-06 5.748969519395186e-07 0   9.177169591801509e-06 -8.445037174700798e-05 0  
15 228062  -0.26 -4.05 0  0.74 0 0   8.109788387829914e-07 1.36576050645959e-07 0   9.437701035532736e-06 -8.420549475436807e-05 0  
15 189281  -0.24 -4.05 0  0.76 0 0   1.270316212078487e-06 -6.948934241322868e-07 0   9.295093309606012e-06 -8.37131810476812e-05 0  
15 255128  -0.22 -4.05 0  0.78 0 0   1.343113895562256e-06 -1.540023274331642e-06 0   9.321979368190347e-06 -8.319612407430704e-05 0  
15 231831  -0.2 -4.05 0  0.8 0 0   1.548910645559481e-06 -1.882514035742716e-06 0   9.278141896898462e-06 -8.300021603236361e-05 0  
15 223685  -0.18 -4.05 0  0.82 0 0   1.797565352438038e-06 -2.812194113506125e-06 0   9.23978749589778e-06 -8.248232971582586e-05 0  
15 192624  -0.16 -4.05 0  0.84 0 0   2.162710324679282e-06 -3.494565981277623e-06 0   9.106705727998654e-06 -8.210704686069902e-05 0  
15 217554  -0.14 -4.05 0  0.86 0 0   2.179294411909125e-06 -3.903619979967951e-06 0   9.144470546683614e-06 -8.189818959046524e-05 0  
15 252777  -0.12 -4.05 0  0.88 0 0   2.54565283694139e-06 -4.603232477182195e-06 0   9.02837882335491e-06 -8.153636310558737e-05 0  
15 237635  -0.09999999999999998 -4.05 0  0.9 0 0   2.737484294003389e-06 -5.310636210872736e-06 0   9.004200439859111e-06 -8.118653263280463e-05 0  
15 211044  -0.07999999999999996 -4.05 0  0.92 0 0   2.89069432572904e-06 -5.601080802039148e-06 0   8.996308520844987e-06 -8.104121244961651e-05 0  
15 178645  -0.06000000000000005 -4.05 0  0.9399999999999999 0 0   3.084566110686526e-06 -6.073416394591219e-06 0   8.935315446547201e-06 -8.080948633959473e-05 0  
15 249488  -0.04000000000000004 -4.05 0  0.96 0 0   3.576316102628374e-06 -6.824275239996486e-06 0   8.748242426845354e-06 -8.046368001578957e-05 0  
15 241994  -0.02000000000000002 -4.05 0  0.98 0 0   3.741857349582635e-06 -7.013249503756355e-06 0   8.716736292324612e-06 -8.038031731343737e-05 0  
15 238899  0 -4.05 0  1 0 0   4.07463168162342e-06 -7.771732065081464e-06 0   8.61657185247805e-06 -8.00691848679997e-05 0  
15 182256  0.02000000000000002 -4.05 0  1.02 0 0   4.348287961461472e-06 -8.02931578621803e-06 0   8.523027401750871e-06 -7.995674034490599e-05 0  
15 176982  0.04000000000000004 -4.05 0  1.04 0 0   4.33248176223526e-06 -8.948844448075643e-06 0   8.541147130969665e-06 -7.96226087003242e-05 0  
15 241583  0.06000000000000005 -4.05 0  1.06 0 0   4.71994923709391e-06 -9.116847929792338e-06 0   8.410683888638356e-06 -7.955946601130581e-05 0  
15 180077  0.08000000000000007 -4.05 0  1.08 0 0   4.64109923643645e-06 -9.83911837207363e-06 0   8.433095459437628e-06 -7.932123316934866e-05 0  
15 224566  0.1000000000000001 -4.05 0  1.1 0 0   4.851380046706072e-06 -1.028908153394466e-05 0   8.356085774780669e-06 -7.918402859888318e-05 0  
15 208937  0.1200000000000001 -4.05 0  1.12 0 0   5.265430217699096e-06 -1.093364494026122e-05 0   8.221532305667523e-06 -7.900537427786396e-05 0  
15 200405  0.1399999999999999 -4.05 0  1.14 0 0   5.480018278849336e-06 -1.122430814169163e-05 0   8.133072850594059e-06 -7.89339882349277e-05 0  
15 236887  0.1599999999999999 -4.05 0  1.16 0 0   5.739038628017499e-06 -1.181149624849068e-05 0   8.030605281721028e-06 -7.878588562686487e-05 0  
15 262836  0.1799999999999999 -4.05 0  1.18 0 0   6.146994714358034e-06 -1.240347445462687e-05 0   7.899362540017552e-06 -7.866618546444222e-05 0  
15 208259  0.2 -4.05 0  1.2 0 0   6.250926069581442e-06 -1.288694179875025e-05 0   7.826654435166489e-06 -7.859534889584352e-05 0  
15 200722  0.22 -4.05 0  1.22 0 0   6.549292619702565e-06 -1.32610602187281e-05 0   7.732863474821904e-06 -7.85550104655322e-05 0  
15 210332  0.24 -4.05 0  1.24 0 0   6.956596308659371e-06 -1.416263156927243e-05 0   7.623439987124864e-06 -7.843088162563447e-05 0  
15 253143  0.26 -4.05 0  1.26 0 0   7.241848394219305e-06 -1.43961661905976e-05 0   7.513851759446619e-06 -7.841105160013781e-05 0  
15 195565  0.28 -4.05 0  1.28 0 0   7.466265515367748e-06 -1.483940347427352e-05 0   7.411817426410117e-06 -7.841675355954938e-05 0  
15 249356  0.3 -4.05 0  1.3 0 0   7.439510072808353e-06 -1.580590064112312e-05 0   7.339776280881893e-06 -7.833491090311791e-05 0  
15 251052  0.3200000000000001 -4.05 0  1.32 0 0   7.690927858553312e-06 -1.609016176115988e-05 0   7.212249017708727e-06 -7.833089298063187e-05 0  
15 247947  0.3400000000000001 -4.05 0  1.34 0 0   8.147191582043973e-06 -1.688449340351249e-05 0   7.120717293695252e-06 -7.837348506423147e-05 0  
15 247391  0.3600000000000001 -4.05 0  1.36 0 0   8.369378333716176e-06 -1.715081124319074e-05 0   6.983566367954608e-06 -7.838568761332721e-05 0  
15 252059  0.3799999999999999 -4.05 0  1.38 0 0   8.832650760967967e-06 -1.791178076404176e-05 0   6.849439355811893e-06 -7.840062203157659e-05 0  
15 187375  0.3999999999999999 -4.05 0  1.4 0 0   9.190749311418535e-06 -1.828642817065101e-05 0   6.84413780993598e-06 -7.845135364629302e-05 0  
15 244086  0.4199999999999999 -4.05 0  1.42 0 0   9.411833214940588e-06 -1.925854355000305e-05 0   6.616145596997219e-06 -7.85331355493326e-05 0  
15 197696  0.4399999999999999 -4.05 0  1.44 0 0   9.709443719713693e-06 -2.011618064130978e-05 0   6.547609873912091e-06 -7.872748246512407e-05 0  
15 228845  0.46 -4.05 0  1.46 0 0   1.011207087565913e-05 -2.091778658601384e-05 0   6.403634645581191e-06 -7.8753790462841e-05 0  
15 222254  0.48 -4.05 0  1.48 0 0   1.015333779210391e-05 -2.162802476969594e-05 0   6.261179053895435e-06 -7.895158799329019e-05 0  
15 258023  0.5 -4.05 0  1.5 0 0   1.024694478832591e-05 -2.207901497410653e-05 0   6.13296795651079e-06 -7.902906744161609e-05 0  
15 219790  0.52 -4.05 0  1.52 0 0   1.114263996721335e-05 -2.284585758549531e-05 0   6.043880182632355e-06 -7.918032309825809e-05 0  
15 265395  0.54 -4.05 0  1.54 0 0   1.116661610822949e-05 -2.391816635576027e-05 0   5.924203833784086e-06 -7.944243767532208e-05 0  
15 207328  0.5600000000000001 -4.05 0  1.56 0 0   1.172427559451537e-05 -2.486303420541885e-05 0   5.831120160840891e-06 -7.971056881706483e-05 0  
15 190591  0.5800000000000001 -4.05 0  1.58 0 0   1.225205845879068e-05 -2.535687772550581e-05 0   5.698062276144472e-06 -7.981066684754554e-05 0  
15 196419  0.6000000000000001 -4.05 0  1.6 0 0   1.225498481213956e-05 -2.68848640715344e-05 0   5.534327430691682e-06 -8.019042970927245e-05 0  
15 188972  0.6200000000000001 -4.05 0  1.62 0 0   1.240062169941426e-05 -2.765926307402022e-05 0   5.281652119994498e-06 -8.039838828936482e-05 0  
15 187188  0.6399999999999999 -4.05 0  1.64 0 0   1.380742190381593e-05 -2.953111073771691e-05 0   5.392859662031561e-06 -8.094887916623369e-05 0  
15 259563  0.6599999999999999 -4.05 0  1.66 0 0   1.346160030544705e-05 -3.015793915975284e-05 0   5.134241272380935e-06 -8.112434743194272e-05 0  
15 261788  0.6799999999999999 -4.05 0  1.68 0 0   1.428556867119277e-05 -3.158799470131049e-05 0   4.968121316280966e-06 -8.157627849894947e-05 0  
15 203552  0.7 -4.05 0  1.7 0 0   1.515306072827176e-05 -3.336645929922187e-05 0   5.017144215225221e-06 -8.208330648874079e-05 0  
15 225550  0.72 -4.05 0  1.72 0 0   1.63096007270401e-05 -3.548038736198023e-05 0   4.973562924760321e-06 -8.272318192048544e-05 0  
15 214832  0.74 -4.05 0  1.74 0 0   1.706278050907575e-05 -3.739171320914616e-05 0   4.79455723704017e-06 -8.317148992835997e-05 0  
15 218645  0.76 -4.05 0  1.76 0 0   1.750330672362077e-05 -3.897615763453067e-05 0   4.568786620213344e-06 -8.386390120492578e-05 0  
15 255048  0.78 -4.05 0  1.78 0 0   1.87823905597375e-05 -4.030152273587842e-05 0   4.609107635444865e-06 -8.428984136395548e-05 0  
15 241644  0.8 -4.05 0  1.8 0 0   1.971980861038142e-05 -4.339837009577525e-05 0   4.417604145622034e-06 -8.505397061325803e-05 0  
15 179527  0.8200000000000001 -4.05 0  1.82 0 0   2.227844457961849e-05 -4.705531073635576e-05 0   4.633447913134081e-06 -8.600926695080842e-05 0  
15 237365  0.8400000000000001 -4.05 0  1.84 0 0   2.297593396612292e-05 -5.126832291309225e-05 0   4.444174421596239e-06 -8.734047414690055e-05 0  
15 242108  0.8600000000000001 -4.05 0  1.86 0 0   2.46470961048316e-05 -5.349401557894901e-05 0   4.359236823531926e-06 -8.793519411228953e-05 0  
15 225790  0.8799999999999999 -4.05 0  1.88 0 0   2.881227825255774e-05 -5.945298574359936e-05 0   4.854461885212685e-06 -8.96838911180961e-05 0  
15 188266  0.8999999999999999 -4.05 0  1.9 0 0   3.109804169620922e-05 -6.573047256037794e-05 0   4.879959351042351e-06 -9.109204368299394e-05 0  
15 259548  0.9199999999999999 -4.05 0  1.92 0 0   4.21792513583593e-05 -7.176623646888008e-05 0   6.488873728751482e-06 -9.274064789864533e-05 0  
15 251387  0.9399999999999999 -4.05 0  1.94 0 0   5.262616858401833e-05 -7.611688538403452e-05 0   7.68025816504786e-06 -9.402807069343842e-05 0  
15 237118  0.96 -4.05 0  1.96 0 0   6.623991377984438e-05 -8.054308019246614e-05 0   9.145192309725769e-06 -9.603267293868678e-05 0  
15 237519  0.98 -4.05 0  1.98 0 0   8.855485395839469e-05 -7.914414858476576e-05 0   1.235238868871336e-05 -9.701019743339062e-05 0  
15 215841  1 -4.05 0  2 0 0   0.0001113338494227178 -6.964678271768887e-05 0   1.567838253424547e-05 -9.757150969313955e-05 0  
