15 230355  -5 -4.05 0  0 0 0   -5.231773183792671e-05 -5.652395715427527e-06 0   3.079406473245616e-05 -0.0002445784051733346 0  
15 217980  -4.9 -4.05 0  0.1 0 0   -4.414726943244036e-05 -4.360117177731795e-05 0   0.0001319844988118268 -0.0001708422610470408 0  
15 225768  -4.8 -4.05 0  0.2 0 0   -4.146603400837293e-05 -5.12036041631185e-05 0   0.0001388701900896551 -0.0001107829780303115 0  
15 234913  -4.7 -4.05 0  0.3 0 0   -1.625168013110606e-05 -5.243154296197088e-05 0   0.0001270206846842644 -8.082202928313964e-05 0  
15 237528  -4.6 -4.05 0  0.4 0 0   -9.584334937084993e-06 -5.015547801349128e-05 0   0.0001145265818092867 -4.49422066524062e-05 0  
15 226658  -4.5 -4.05 0  0.5 0 0   1.974914909026867e-06 -4.552391987212856e-05 0   9.808750870658051e-05 -3.563524758780703e-05 0  
15 246380  -4.4 -4.05 0  0.6 0 0   6.59142410500916e-06 -4.262798746714966e-05 0   9.026582834426467e-05 -2.461480149413067e-05 0  
15 214865  -4.3 -4.05 0  0.7000000000000001 0 0   8.569775352481376e-06 -3.800830727715941e-05 0   8.551238601508995e-05 -1.717574184463382e-05 0  
15 231984  -4.2 -4.05 0  0.8 0 0   9.725307980314353e-06 -3.349015297021262e-05 0   7.602073029420141e-05 -8.700733008340164e-06 0  
15 254077  -4.1 -4.05 0  0.8999999999999999 0 0   1.206004905783932e-05 -3.089944420667408e-05 0   6.474671743078716e-05 -4.567002471696918e-06 0  
15 217640  -4 -4.05 0  1 0 0   1.202350297501266e-05 -2.678211461006226e-05 0   5.594716362897819e-05 -1.300638072153359e-06 0  
15 226949  -3.9 -4.05 0  1.1 0 0   1.237925932662254e-05 -2.443605327375094e-05 0   5.328647283476748e-05 4.275160563680172e-06 0  
15 215001  -3.8 -4.05 0  1.2 0 0   1.249521730743025e-05 -2.216025118694301e-05 0   4.770198402166258e-05 2.751129235287891e-06 0  
15 229414  -3.7 -4.05 0  1.3 0 0   1.224627081076405e-05 -2.029156762143117e-05 0   4.532325828215771e-05 3.883167229974324e-06 0  
15 241951  -3.6 -4.05 0  1.4 0 0   1.132531948932439e-05 -1.866465652388544e-05 0   3.878307156484056e-05 5.775008709331397e-06 0  
15 253018  -3.5 -4.05 0  1.5 0 0   1.119014091033581e-05 -1.686004450509974e-05 0   3.67744282935966e-05 6.9588790436656e-06 0  
15 250257  -3.4 -4.05 0  1.6 0 0   1.08738764180074e-05 -1.646933279093876e-05 0   3.38637190092396e-05 7.076191823447708e-06 0  
15 240072  -3.3 -4.05 0  1.7 0 0   9.806513496744915e-06 -1.538738777627849e-05 0   2.968583673063031e-05 7.715628367713917e-06 0  
15 236708  -3.2 -4.05 0  1.8 0 0   9.561675703532134e-06 -1.446582372545933e-05 0   2.800050731340507e-05 7.801315843344522e-06 0  
15 219744  -3.1 -4.05 0  1.9 0 0   9.237742511035776e-06 -1.42086066617312e-05 0   2.583361192129083e-05 7.854473274003168e-06 0  
15 242115  -3 -4.05 0  2 0 0   8.715337827050473e-06 -1.335350430158033e-05 0   2.349184361099405e-05 9.549646689071406e-06 0  
15 247629  -2.9 -4.05 0  2.1 0 0   8.311613061454462e-06 -1.322693616787052e-05 0   2.099617329191089e-05 8.706061224526135e-06 0  
15 225816  -2.8 -4.05 0  2.2 0 0   7.965581500789763e-06 -1.26982523118678e-05 0   1.925431505504262e-05 9.599070878553786e-06 0  
15 217243  -2.7 -4.05 0  2.3 0 0   7.755925789119759e-06 -1.257091063691998e-05 0   1.774634821441468e-05 9.523446071014324e-06 0  
15 238598  -2.6 -4.05 0  2.4 0 0   7.553133401339007e-06 -1.24678666501999e-05 0   1.583317931669239e-05 8.612652129137005e-06 0  
15 225694  -2.5 -4.05 0  2.5 0 0   7.422150090860731e-06 -1.232478942689123e-05 0   1.482408584551568e-05 8.672238080102007e-06 0  
15 252125  -2.4 -4.05 0  2.6 0 0   7.226318188152843e-06 -1.216878900420215e-05 0   1.242493335874492e-05 8.635430593713356e-06 0  
15 238870  -2.3 -4.05 0  2.7 0 0   7.158459498293746e-06 -1.20712103229715e-05 0   1.14375662317685e-05 8.709756264759991e-06 0  
15 234643  -2.2 -4.05 0  2.8 0 0   7.049186645098106e-06 -1.196535767908433e-05 0   1.037974776488954e-05 8.599484818332809e-06 0  
15 233766  -2.1 -4.05 0  2.9 0 0   7.004993194729275e-06 -1.187740177506936e-05 0   8.4373030363738e-06 8.530271446430954e-06 0  
15 241606  -2 -4.05 0  3 0 0   6.98345830423908e-06 -1.184585035265452e-05 0   7.232833041466782e-06 8.444233681379615e-06 0  
15 217734  -1.9 -4.05 0  3.1 0 0   7.018759964427454e-06 -1.178032890687686e-05 0   6.649743256515427e-06 8.292712595038554e-06 0  
15 231154  -1.8 -4.05 0  3.2 0 0   6.993928974257171e-06 -1.173221373756018e-05 0   5.144709723195473e-06 8.69676461473165e-06 0  
15 230935  -1.7 -4.05 0  3.3 0 0   7.081110424544436e-06 -1.168675429390718e-05 0   3.671986836810415e-06 7.943026161152944e-06 0  
15 244088  -1.6 -4.05 0  3.4 0 0   7.117818972792421e-06 -1.163005546745473e-05 0   2.997822990964683e-06 7.67535301918025e-06 0  
15 218768  -1.5 -4.05 0  3.5 0 0   7.20247837629126e-06 -1.154993395584367e-05 0   1.337187478982552e-06 7.383568017136494e-06 0  
15 242387  -1.4 -4.05 0  3.6 0 0   7.300132920460244e-06 -1.152361870770426e-05 0   3.220446849680481e-07 7.189397277812537e-06 0  
15 242278  -1.3 -4.05 0  3.7 0 0   7.361251892423586e-06 -1.144832632078967e-05 0   -1.467350004089735e-07 6.805926924553091e-06 0  
15 239851  -1.2 -4.05 0  3.8 0 0   7.456194076063682e-06 -1.143602317598986e-05 0   -1.352355177217102e-06 7.036519014709877e-06 0  
15 242593  -1.1 -4.05 0  3.9 0 0   7.590429357819724e-06 -1.134094426786213e-05 0   -2.607835076420296e-06 6.166339306674928e-06 0  
15 216498  -1 -4.05 0  4 0 0   7.683941592773885e-06 -1.127468181260933e-05 0   -3.267852021308047e-06 5.679511596272044e-06 0  
15 222660  -0.9000000000000004 -4.05 0  4.1 0 0   7.802889824079333e-06 -1.126241562249101e-05 0   -4.216433925854912e-06 5.734788645885003e-06 0  
15 246205  -0.7999999999999998 -4.05 0  4.2 0 0   7.951254444863581e-06 -1.113082854464938e-05 0   -5.245458645976309e-06 4.76752767454916e-06 0  
15 218570  -0.7000000000000002 -4.05 0  4.3 0 0   8.032153887178005e-06 -1.106607948385407e-05 0   -5.776987199109657e-06 4.331610141268885e-06 0  
15 228468  -0.5999999999999996 -4.05 0  4.4 0 0   8.171371177435535e-06 -1.107255646089992e-05 0   -6.635142475544878e-06 4.220742958126536e-06 0  
15 215205  -0.5 -4.05 0  4.5 0 0   8.329574763777867e-06 -1.0924914330291e-05 0   -7.598149880057303e-06 3.311357824917899e-06 0  
15 237449  -0.3999999999999995 -4.05 0  4.600000000000001 0 0   8.400027454081964e-06 -1.084709976885683e-05 0   -7.964561143634225e-06 2.738415829277654e-06 0  
15 220695  -0.3000000000000007 -4.05 0  4.699999999999999 0 0   8.555520411211021e-06 -1.085328736314447e-05 0   -8.761360613581889e-06 2.578590320295726e-06 0  
15 244025  -0.2000000000000002 -4.05 0  4.8 0 0   8.703835400898294e-06 -1.07132227877265e-05 0   -9.546897293686435e-06 1.625457511162526e-06 0  
15 221556  -0.09999999999999964 -4.05 0  4.9 0 0   8.785089617186805e-06 -1.066410067224709e-05 0   -9.910684596730127e-06 1.176465792932305e-06 0  
15 228208  0 -4.05 0  5 0 0   8.972498228241753e-06 -1.057388414227312e-05 0   -1.063593856515674e-05 4.229160916243563e-07 0  
15 249095  0.09999999999999964 -4.05 0  5.1 0 0   9.0839255833218e-06 -1.051761460618694e-05 0   -1.114497756283736e-05 -1.714840758490488e-07 0  
15 242680  0.2000000000000002 -4.05 0  5.2 0 0   9.169409132195848e-06 -1.046360524598923e-05 0   -1.142370230212617e-05 -6.640583815279572e-07 0  
15 214591  0.3000000000000007 -4.05 0  5.300000000000001 0 0   9.277991226014706e-06 -1.043896738157739e-05 0   -1.167674062704446e-05 -1.244401591993238e-06 0  
15 225893  0.4000000000000004 -4.05 0  5.4 0 0   9.455831983070121e-06 -1.041109695914394e-05 0   -1.221318374390124e-05 -1.539070440814694e-06 0  
15 215832  0.5 -4.05 0  5.5 0 0   9.590412448368286e-06 -1.033627153131274e-05 0   -1.266655130599537e-05 -2.293526882411398e-06 0  
15 226871  0.6000000000000005 -4.05 0  5.600000000000001 0 0   9.677946930969003e-06 -1.030188334173038e-05 0   -1.286497342727413e-05 -2.827264565503571e-06 0  
15 236882  0.6999999999999993 -4.05 0  5.699999999999999 0 0   9.918503924390316e-06 -1.030684549949319e-05 0   -1.34638807058312e-05 -3.377870651091741e-06 0  
15 253221  0.7999999999999998 -4.05 0  5.8 0 0   1.00128655237848e-05 -1.027968413243492e-05 0   -1.363007946107633e-05 -3.826309909029171e-06 0  
15 245198  0.8999999999999995 -4.05 0  5.899999999999999 0 0   1.013072631382214e-05 -1.029127422345292e-05 0   -1.369472072304014e-05 -4.371331374371928e-06 0  
15 230123  1 -4.05 0  6 0 0   1.04001098141333e-05 -1.025732932667927e-05 0   -1.423239054256301e-05 -4.9658106077103e-06 0  
15 248928  1.1 -4.05 0  6.1 0 0   1.05086319399459e-05 -1.027943271048222e-05 0   -1.435412297823464e-05 -5.348882516692174e-06 0  
15 224819  1.2 -4.05 0  6.2 0 0   1.075083422782432e-05 -1.037697428352569e-05 0   -1.455890548899413e-05 -5.647779189855984e-06 0  
15 230868  1.3 -4.05 0  6.3 0 0   1.094059291518708e-05 -1.028207705082093e-05 0   -1.484822552709399e-05 -6.235019083087809e-06 0  
15 252837  1.4 -4.05 0  6.4 0 0   1.110932263126635e-05 -1.030733467931831e-05 0   -1.506007077358047e-05 -6.452050126885822e-06 0  
15 216200  1.5 -4.05 0  6.5 0 0   1.128960864709219e-05 -1.033912870017795e-05 0   -1.517517291032416e-05 -6.890046041234041e-06 0  
15 247107  1.600000000000001 -4.05 0  6.600000000000001 0 0   1.16624428895401e-05 -1.03934455400953e-05 0   -1.568546836294878e-05 -7.222461142378928e-06 0  
15 230934  1.7 -4.05 0  6.7 0 0   1.181157138330311e-05 -1.044491784810923e-05 0   -1.584284605269e-05 -7.48725178083276e-06 0  
15 231153  1.800000000000001 -4.05 0  6.800000000000001 0 0   1.213948861640817e-05 -1.0642560934521e-05 0   -1.608178930760477e-05 -7.602358818603952e-06 0  
15 217733  1.899999999999999 -4.05 0  6.899999999999999 0 0   1.249716598640191e-05 -1.055789375354124e-05 0   -1.659798697302255e-05 -8.042420051436114e-06 0  
15 241605  2 -4.05 0  7 0 0   1.262680840553951e-05 -1.063434703515737e-05 0   -1.672555979385405e-05 -8.258497835235412e-06 0  
15 233765  2.1 -4.05 0  7.1 0 0   1.293662968021147e-05 -1.067714759921991e-05 0   -1.715266268078122e-05 -8.36378800019022e-06 0  
15 234642  2.199999999999999 -4.05 0  7.199999999999999 0 0   1.342543080501272e-05 -1.07579641935359e-05 0   -1.772874374253214e-05 -8.605387316132362e-06 0  
15 238871  2.3 -4.05 0  7.3 0 0   1.369658561792188e-05 -1.08997824057348e-05 0   -1.820417686092604e-05 -8.815704794414361e-06 0  
15 252124  2.4 -4.05 0  7.4 0 0   1.394523760004859e-05 -1.095778489575063e-05 0   -1.858264854546349e-05 -8.984736995489018e-06 0  
15 225693  2.5 -4.05 0  7.5 0 0   1.459302376155026e-05 -1.112959632570618e-05 0   -1.964843234951181e-05 -9.189129831124743e-06 0  
15 238597  2.6 -4.05 0  7.6 0 0   1.487772528314165e-05 -1.125920988334812e-05 0   -2.014020116601796e-05 -9.357975386250703e-06 0  
15 217244  2.7 -4.05 0  7.7 0 0   1.547688689915606e-05 -1.173824772821019e-05 0   -2.109204808618294e-05 -9.02320096198006e-06 0  
15 225817  2.800000000000001 -4.05 0  7.800000000000001 0 0   1.592496912445219e-05 -1.192520155591723e-05 0   -2.192906370542501e-05 -9.075427603335434e-06 0  
15 247628  2.9 -4.05 0  7.9 0 0   1.638485656723851e-05 -1.20607080861309e-05 0   -2.301991329576626e-05 -9.784399096652088e-06 0  
15 242114  3 -4.05 0  8 0 0   1.719901656106054e-05 -1.262399565200596e-05 0   -2.455372321910274e-05 -9.398808173667617e-06 0  
15 219745  3.100000000000001 -4.05 0  8.100000000000001 0 0   1.7891037531516e-05 -1.257224496336532e-05 0   -2.614264391554745e-05 -1.071598745514338e-05 0  
15 236709  3.199999999999999 -4.05 0  8.199999999999999 0 0   1.868736325631119e-05 -1.277662584541449e-05 0   -2.765453319964568e-05 -1.086591078594545e-05 0  
15 240071  3.299999999999999 -4.05 0  8.299999999999999 0 0   1.935557177631421e-05 -1.358166206070956e-05 0   -2.880589911028256e-05 -1.136048265099748e-05 0  
15 250256  3.4 -4.05 0  8.4 0 0   2.067315388752742e-05 -1.416149205618004e-05 0   -3.19947809484418e-05 -1.228731194583867e-05 0  
15 253019  3.5 -4.05 0  8.5 0 0   2.196872226482697e-05 -1.442900482031759e-05 0   -3.411964038556705e-05 -1.254812449433609e-05 0  
15 241950  3.6 -4.05 0  8.6 0 0   2.294615096882103e-05 -1.533225475678409e-05 0   -3.555911554765576e-05 -1.423349773876231e-05 0  
15 229413  3.699999999999999 -4.05 0  8.699999999999999 0 0   2.584917907650979e-05 -1.561340530007761e-05 0   -4.059442213082652e-05 -1.638583595393699e-05 0  
15 215002  3.800000000000001 -4.05 0  8.800000000000001 0 0   2.699895158632653e-05 -1.649679849851683e-05 0   -4.241465170797768e-05 -1.816745030544346e-05 0  
15 226950  3.9 -4.05 0  8.9 0 0   3.024770580978275e-05 -1.922743277134667e-05 0   -4.635920549193179e-05 -1.828413776151089e-05 0  
15 217639  4 -4.05 0  9 0 0   3.205985707231337e-05 -1.791258753742943e-05 0   -4.808709910557145e-05 -2.361194157532616e-05 0  
15 254076  4.1 -4.05 0  9.1 0 0   3.709752815133412e-05 -1.927688148766621e-05 0   -5.453657964780111e-05 -2.830966507710517e-05 0  
15 231985  4.200000000000001 -4.05 0  9.200000000000001 0 0   4.546105513686762e-05 -1.893536879625166e-05 0   -6.155359634831947e-05 -3.284231886322569e-05 0  
15 214864  4.300000000000001 -4.05 0  9.300000000000001 0 0   5.187232463547096e-05 -1.754996204881166e-05 0   -6.79838903342115e-05 -4.177191892260589e-05 0  
15 246381  4.399999999999999 -4.05 0  9.399999999999999 0 0   5.620015513640737e-05 -1.682517918911303e-05 0   -7.041154845819665e-05 -5.005096879597166e-05 0  
15 226657  4.5 -4.05 0  9.5 0 0   6.435359312926669e-05 -1.265065876531607e-05 0   -7.361845824790936e-05 -6.008769073051305e-05 0  
15 237529  4.6 -4.05 0  9.6 0 0   8.288202610983028e-05 -1.081867131964669e-05 0   -7.93076449672127e-05 -6.989710968827167e-05 0  
15 234914  4.699999999999999 -4.05 0  9.699999999999999 0 0   9.527531554327263e-05 8.272601322351428e-06 0   -8.494275947318504e-05 -9.873787420582904e-05 0  
15 225769  4.800000000000001 -4.05 0  9.800000000000001 0 0   0.0001213887704027553 2.650170389028803e-05 0   -7.919905129400578e-05 -0.0001211521757839527 0  
15 217981  4.9 -4.05 0  9.9 0 0   0.0001195597470352852 6.649566363475627e-05 0   -7.221945777564909e-05 -0.0001634293910715325 0  
15 230356  5 -4.05 0  10 0 0   7.116386188321666e-05 0.0001378458801265386 0   1.306832318120899e-05 -0.0001984921420257191 0  
