15 236865  -5 -4.05 0  0 0 0   -4.049374075920653e-05 4.591856870370115e-05 0   -0.0001950552088827995 -0.0002810003445244957 0  
15 224501  -4.9 -4.05 0  0.1 0 0   -5.540533345215447e-05 2.692455307265647e-05 0   2.113309878789757e-05 -0.0002726678852854082 0  
15 232276  -4.8 -4.05 0  0.2 0 0   -5.66777392012191e-05 1.480876106887789e-05 0   3.606095930954595e-05 -0.0002020046151583327 0  
15 241401  -4.7 -4.05 0  0.3 0 0   -5.486780515239625e-05 8.168720425711512e-06 0   5.525046981001008e-05 -0.0001712900272875448 0  
15 244029  -4.6 -4.05 0  0.4 0 0   -5.2402096360607e-05 -4.6004115001122e-07 0   5.251358193614913e-05 -0.0001367911955768644 0  
15 233167  -4.5 -4.05 0  0.5 0 0   -4.957733418740158e-05 -3.296210281403256e-06 0   5.602450001455407e-05 -0.0001236043784015942 0  
15 252923  -4.4 -4.05 0  0.6 0 0   -4.829352388783202e-05 -6.507297403979262e-06 0   5.805192562542347e-05 -0.0001122455532704264 0  
15 221401  -4.3 -4.05 0  0.7000000000000001 0 0   -4.746345966702686e-05 -9.263104338444808e-06 0   5.854960854129176e-05 -0.000100987220850713 0  
15 238497  -4.2 -4.05 0  0.8 0 0   -4.519897063472687e-05 -1.251063229635793e-05 0   5.592814841150207e-05 -8.934834175031159e-05 0  
15 260601  -4.1 -4.05 0  0.8999999999999999 0 0   -4.276219204209491e-05 -1.434089988271506e-05 0   5.60158572421041e-05 -8.297451843863879e-05 0  
15 224174  -4 -4.05 0  1 0 0   -4.034126049080877e-05 -1.651026915519896e-05 0   5.366379457246058e-05 -7.379376069858307e-05 0  
15 233459  -3.9 -4.05 0  1.1 0 0   -3.975203739828986e-05 -1.893680423154138e-05 0   5.406204485911698e-05 -6.752127544433495e-05 0  
15 221539  -3.8 -4.05 0  1.2 0 0   -3.824805133842597e-05 -1.954898446484069e-05 0   5.37127500576072e-05 -6.208938717289225e-05 0  
15 235920  -3.7 -4.05 0  1.3 0 0   -3.749806792001636e-05 -2.081861959463312e-05 0   5.302218230802958e-05 -5.693026131328369e-05 0  
15 248453  -3.6 -4.05 0  1.4 0 0   -3.518552341813443e-05 -2.230346325195545e-05 0   5.062186517289105e-05 -5.204775446477489e-05 0  
15 259549  -3.5 -4.05 0  1.5 0 0   -3.455400105422529e-05 -2.395062016377451e-05 0   5.042389346693321e-05 -4.581270335324295e-05 0  
15 256798  -3.4 -4.05 0  1.6 0 0   -3.352530201222031e-05 -2.430082337828016e-05 0   4.980036165066343e-05 -4.431958794962054e-05 0  
15 246569  -3.3 -4.05 0  1.7 0 0   -3.149836203555998e-05 -2.545152034615777e-05 0   4.657886805038876e-05 -3.994037135217343e-05 0  
15 243217  -3.2 -4.05 0  1.8 0 0   -3.083864463261296e-05 -2.656689878692033e-05 0   4.606801343533251e-05 -3.516684152410354e-05 0  
15 226268  -3.1 -4.05 0  1.9 0 0   -2.985725327391171e-05 -2.691676409168064e-05 0   4.501677878098256e-05 -3.373013285265514e-05 0  
15 248611  -3 -4.05 0  2 0 0   -2.857692164580372e-05 -2.854620359446676e-05 0   4.296454235548641e-05 -2.930617694352905e-05 0  
15 254179  -2.9 -4.05 0  2.1 0 0   -2.734248022978614e-05 -2.870250954845402e-05 0   4.145565366194676e-05 -2.755609628737887e-05 0  
15 232326  -2.8 -4.05 0  2.2 0 0   -2.617763378944329e-05 -3.009517592049253e-05 0   3.926369198139351e-05 -2.330720546767778e-05 0  
15 223769  -2.7 -4.05 0  2.3 0 0   -2.530470937183588e-05 -3.051480472393044e-05 0   3.792642038658381e-05 -2.166748096381343e-05 0  
15 245096  -2.6 -4.05 0  2.4 0 0   -2.431241748827515e-05 -3.061547413433369e-05 0   3.666656842701843e-05 -2.019342524443163e-05 0  
15 232209  -2.5 -4.05 0  2.5 0 0   -2.369402295845403e-05 -3.118442946594552e-05 0   3.564297778148665e-05 -1.829415217854263e-05 0  
15 258689  -2.4 -4.05 0  2.6 0 0   -2.210705629091154e-05 -3.188931144471746e-05 0   3.290667623585125e-05 -1.593046682546451e-05 0  
15 245365  -2.3 -4.05 0  2.7 0 0   -2.144338024341261e-05 -3.236206825025373e-05 0   3.173242386206136e-05 -1.451386935628213e-05 0  
15 241143  -2.2 -4.05 0  2.8 0 0   -2.058492716864625e-05 -3.30242098545222e-05 0   3.002914805764687e-05 -1.246626734697359e-05 0  
15 240282  -2.1 -4.05 0  2.9 0 0   -1.934190729526233e-05 -3.361697245284762e-05 0   2.790729150552174e-05 -1.07915129227594e-05 0  
15 248110  -2 -4.05 0  3 0 0   -1.83809273433342e-05 -3.384616005801602e-05 0   2.607537295014686e-05 -1.014015220367898e-05 0  
15 224266  -1.9 -4.05 0  3.1 0 0   -1.796244675106393e-05 -3.430630979782065e-05 0   2.530900627832622e-05 -8.925195270806374e-06 0  
15 237672  -1.8 -4.05 0  3.2 0 0   -1.663392471349355e-05 -3.524430860704468e-05 0   2.275298259750078e-05 -6.897919566907496e-06 0  
15 237442  -1.7 -4.05 0  3.3 0 0   -1.563221185395605e-05 -3.52849425843231e-05 0   2.093245125670343e-05 -6.652141844851189e-06 0  
15 250591  -1.6 -4.05 0  3.4 0 0   -1.507013482734271e-05 -3.561850288214159e-05 0   1.987016723770801e-05 -5.954002468715192e-06 0  
15 225287  -1.5 -4.05 0  3.5 0 0   -1.370517022101884e-05 -3.629798347969115e-05 0   1.731132498008006e-05 -4.717895215521073e-06 0  
15 248881  -1.4 -4.05 0  3.6 0 0   -1.272554895371397e-05 -3.646501408581873e-05 0   1.551084382870813e-05 -4.454190147322457e-06 0  
15 248763  -1.3 -4.05 0  3.7 0 0   -1.228406074886383e-05 -3.684540921215958e-05 0   1.469875176610819e-05 -3.925319683031891e-06 0  
15 246356  -1.2 -4.05 0  3.8 0 0   -1.102110960044672e-05 -3.771277433906213e-05 0   1.246591789479806e-05 -2.579124242313435e-06 0  
15 249072  -1.1 -4.05 0  3.9 0 0   -9.930658908928296e-06 -3.757090874362268e-05 0   1.048298405514209e-05 -3.105116468941904e-06 0  
15 223025  -1 -4.05 0  4 0 0   -9.151798465543461e-06 -3.76357265669397e-05 0   9.173476695267802e-06 -3.23806093512069e-06 0  
15 229164  -0.9000000000000004 -4.05 0  4.1 0 0   -7.985120939142665e-06 -3.868674957740841e-05 0   7.287791269908889e-06 -1.95786624757055e-06 0  
15 252757  -0.7999999999999998 -4.05 0  4.2 0 0   -7.02481749678685e-06 -3.851562792605775e-05 0   5.586527008313857e-06 -2.728924873664218e-06 0  
15 225087  -0.7000000000000002 -4.05 0  4.3 0 0   -6.37371401893301e-06 -3.873997695400325e-05 0   4.547090308774926e-06 -2.795832881180571e-06 0  
15 234981  -0.5999999999999996 -4.05 0  4.4 0 0   -5.047297380156301e-06 -3.961423288777709e-05 0   2.626331991051334e-06 -2.02967895810563e-06 0  
15 221740  -0.5 -4.05 0  4.5 0 0   -3.922561508128142e-06 -3.936464242600135e-05 0   8.390802121761853e-07 -3.003240171398081e-06 0  
15 243950  -0.3999999999999995 -4.05 0  4.600000000000001 0 0   -3.355473922679771e-06 -3.95175234357073e-05 0   3.548217784518637e-08 -3.372522819095058e-06 0  
15 227216  -0.3000000000000007 -4.05 0  4.699999999999999 0 0   -1.919012787791191e-06 -4.040951331741975e-05 0   -1.836637261456997e-06 -2.820767571888594e-06 0  
15 250521  -0.2000000000000002 -4.05 0  4.8 0 0   -8.612288552919262e-07 -4.009618997891443e-05 0   -3.404183301011776e-06 -3.998767962143379e-06 0  
15 228078  -0.09999999999999964 -4.05 0  4.9 0 0   -1.871232062390649e-07 -4.031576560728153e-05 0   -4.267358745421029e-06 -4.324069194081015e-06 0  
15 234711  0 -4.05 0  5 0 0   1.558633419158299e-06 -4.036286654033987e-05 0   -6.2224331684093e-06 -5.126338870564684e-06 0  
15 255634  0.09999999999999964 -4.05 0  5.1 0 0   2.473079499812347e-06 -4.060476513222458e-05 0   -7.364654435307316e-06 -5.693586077666624e-06 0  
15 249164  0.2000000000000002 -4.05 0  5.2 0 0   3.241997265500396e-06 -4.058928996102627e-05 0   -8.179277771226678e-06 -6.317924942489395e-06 0  
15 221127  0.3000000000000007 -4.05 0  5.300000000000001 0 0   4.304900028905684e-06 -4.102692375534955e-05 0   -9.083242437396555e-06 -6.871445009538207e-06 0  
15 232402  0.4000000000000004 -4.05 0  5.4 0 0   5.830251328522735e-06 -4.100897565269615e-05 0   -1.058698689420951e-05 -7.272048439005419e-06 0  
15 222355  0.5 -4.05 0  5.5 0 0   6.899379062872552e-06 -4.086630601229241e-05 0   -1.176898636307683e-05 -8.450794915647319e-06 0  
15 233383  0.6000000000000005 -4.05 0  5.600000000000001 0 0   7.654064782426986e-06 -4.088549154095296e-05 0   -1.240497317959305e-05 -9.281936072261243e-06 0  
15 243383  0.6999999999999993 -4.05 0  5.699999999999999 0 0   9.647814736874968e-06 -4.118272370957216e-05 0   -1.42011375402068e-05 -1.01030208541561e-05 0  
15 259760  0.7999999999999998 -4.05 0  5.8 0 0   1.043633723745753e-05 -4.107264874395923e-05 0   -1.479591957500789e-05 -1.093497601091509e-05 0  
15 251733  0.8999999999999995 -4.05 0  5.899999999999999 0 0   1.143840454197013e-05 -4.11769635805994e-05 0   -1.528887487996927e-05 -1.197903707355133e-05 0  
15 236636  1 -4.05 0  6 0 0   1.350545005840247e-05 -4.081393699828864e-05 0   -1.694343778860588e-05 -1.334331446309345e-05 0  
15 255468  1.1 -4.05 0  6.1 0 0   1.428876473516701e-05 -4.08271422880236e-05 0   -1.738801732252201e-05 -1.421480740637637e-05 0  
15 231337  1.2 -4.05 0  6.2 0 0   1.597486924732536e-05 -4.136357255531131e-05 0   -1.819700187400547e-05 -1.480847480503367e-05 0  
15 237377  1.3 -4.05 0  6.3 0 0   1.73934185017325e-05 -4.022838373530027e-05 0   -1.91947396438602e-05 -1.665794568116857e-05 0  
15 259380  1.4 -4.05 0  6.4 0 0   1.84785036386817e-05 -4.012260973245904e-05 0   -1.9807346364073e-05 -1.736000877920751e-05 0  
15 222720  1.5 -4.05 0  6.5 0 0   1.948556390979524e-05 -3.974425329031188e-05 0   -2.006395650816853e-05 -1.884269631770991e-05 0  
15 253656  1.600000000000001 -4.05 0  6.600000000000001 0 0   2.180317519140731e-05 -3.945940093281163e-05 0   -2.141442196761448e-05 -2.013245100116606e-05 0  
15 237441  1.7 -4.05 0  6.7 0 0   2.268227067295236e-05 -3.922156502137765e-05 0   -2.179925587050477e-05 -2.12411896160121e-05 0  
15 237671  1.800000000000001 -4.05 0  6.800000000000001 0 0   2.431227551192086e-05 -3.939884787266569e-05 0   -2.206010934882596e-05 -2.23733312030433e-05 0  
15 224265  1.899999999999999 -4.05 0  6.899999999999999 0 0   2.63329872721707e-05 -3.814794184745299e-05 0   -2.315323822580512e-05 -2.410962888623608e-05 0  
15 248109  2 -4.05 0  7 0 0   2.70094717919004e-05 -3.759824727108708e-05 0   -2.330324510148307e-05 -2.553507507880443e-05 0  
15 240281  2.1 -4.05 0  7.1 0 0   2.851896721495738e-05 -3.731123676437714e-05 0   -2.392093847278232e-05 -2.627279220601686e-05 0  
15 241142  2.199999999999999 -4.05 0  7.199999999999999 0 0   3.05319222394533e-05 -3.651795086450846e-05 0   -2.413645027342674e-05 -2.798392296853719e-05 0  
15 245366  2.3 -4.05 0  7.3 0 0   3.187930364588649e-05 -3.557881922258178e-05 0   -2.480857915676538e-05 -2.998537912059923e-05 0  
15 258688  2.4 -4.05 0  7.4 0 0   3.293854423426501e-05 -3.487078032466534e-05 0   -2.50470928968155e-05 -3.121278613666539e-05 0  
15 232208  2.5 -4.05 0  7.5 0 0   3.545485471059123e-05 -3.377939149058588e-05 0   -2.556553800578398e-05 -3.330482447359839e-05 0  
15 245095  2.6 -4.05 0  7.6 0 0   3.642853145393015e-05 -3.286643052513583e-05 0   -2.572082843002588e-05 -3.48646529338692e-05 0  
15 223770  2.7 -4.05 0  7.7 0 0   3.795392965312214e-05 -3.26381521257614e-05 0   -2.550362010462701e-05 -3.666264629574589e-05 0  
15 232327  2.800000000000001 -4.05 0  7.800000000000001 0 0   3.929190387755473e-05 -3.191355638713748e-05 0   -2.566995797209995e-05 -3.799524272911359e-05 0  
15 254178  2.9 -4.05 0  7.9 0 0   4.110668029238228e-05 -2.95828050043221e-05 0   -2.639883100159779e-05 -4.080731235688723e-05 0  
15 248610  3 -4.05 0  8 0 0   4.292191834578268e-05 -2.916516724496207e-05 0   -2.627158994032708e-05 -4.253223790819105e-05 0  
15 226269  3.100000000000001 -4.05 0  8.100000000000001 0 0   4.483928386946664e-05 -2.648561308656733e-05 0   -2.672879043245924e-05 -4.505351492925525e-05 0  
15 243218  3.199999999999999 -4.05 0  8.199999999999999 0 0   4.621907646736945e-05 -2.584655569495831e-05 0   -2.657078284514294e-05 -4.61012479721426e-05 0  
15 246568  3.299999999999999 -4.05 0  8.299999999999999 0 0   4.710418903592153e-05 -2.376640284798559e-05 0   -2.629871654538651e-05 -4.953419184531085e-05 0  
15 256797  3.4 -4.05 0  8.4 0 0   5.003324153532787e-05 -2.17040783604041e-05 0   -2.71517421583517e-05 -5.245420495596231e-05 0  
15 259550  3.5 -4.05 0  8.5 0 0   5.132755709336091e-05 -2.105446699771432e-05 0   -2.66809170223984e-05 -5.348783372130517e-05 0  
15 248452  3.6 -4.05 0  8.6 0 0   5.207918692321477e-05 -1.814079933424098e-05 0   -2.625077874980619e-05 -5.755072484203705e-05 0  
15 235919  3.699999999999999 -4.05 0  8.699999999999999 0 0   5.504868072950427e-05 -1.567921980768355e-05 0   -2.629806098813914e-05 -6.053389778076096e-05 0  
15 221540  3.800000000000001 -4.05 0  8.800000000000001 0 0   5.597281712578679e-05 -1.343981463460854e-05 0   -2.626309994312875e-05 -6.392302922458848e-05 0  
15 233460  3.9 -4.05 0  8.9 0 0   5.76276706242395e-05 -1.188214222969108e-05 0   -2.536860978507444e-05 -6.802693655351411e-05 0  
15 224173  4 -4.05 0  9 0 0   5.818167086356178e-05 -8.342746905804291e-06 0   -2.458970176973801e-05 -7.144766786516127e-05 0  
15 260600  4.1 -4.05 0  9.1 0 0   6.102742087713171e-05 -4.713027498099223e-06 0   -2.481183437863868e-05 -7.74673568854703e-05 0  
15 238498  4.200000000000001 -4.05 0  9.200000000000001 0 0   6.341969135162482e-05 -1.954046445803992e-06 0   -2.315864850423567e-05 -8.143512347808662e-05 0  
15 221400  4.300000000000001 -4.05 0  9.300000000000001 0 0   6.59447114760691e-05 2.788065496993342e-06 0   -2.389156320275684e-05 -8.877742601083594e-05 0  
15 252924  4.399999999999999 -4.05 0  9.399999999999999 0 0   6.663657675233005e-05 6.814905074314925e-06 0   -2.302113015714355e-05 -9.612648408861141e-05 0  
15 233166  4.5 -4.05 0  9.5 0 0   6.758313788050169e-05 1.105922161425202e-05 0   -2.071657033842281e-05 -0.0001033410562862359 0  
15 244030  4.6 -4.05 0  9.6 0 0   6.987609804138227e-05 1.491340046633205e-05 0   -1.653297472969505e-05 -0.0001122148578305143 0  
15 241402  4.699999999999999 -4.05 0  9.699999999999999 0 0   7.227815598248588e-05 2.503425842133658e-05 0   -1.750446293174654e-05 -0.0001349768749419056 0  
15 232277  4.800000000000001 -4.05 0  9.800000000000001 0 0   7.353827364587565e-05 3.207520229616886e-05 0   -1.88157543305062e-06 -0.0001558857148050291 0  
15 224502  4.9 -4.05 0  9.9 0 0   7.281565390161206e-05 4.263777226205454e-05 0   9.174251883826978e-06 -0.0002056381697553497 0  
15 236866  5 -4.05 0  10 0 0   7.352773848723348e-05 6.840499733854616e-05 0   0.0001711865949062252 -0.0002045077121113348 0  
