15 322607  -3 -4.05 0  0 0 0   -4.383904267044048e-05 1.731320987136131e-05 0   4.383876843927492e-05 -0.000272428623236308 0  
15 287416  -2.94 -4.05 0  0.06 0 0   -6.346527374236771e-05 -9.898466768083758e-06 0   0.0001312244258177137 -0.000236882461490881 0  
15 272570  -2.88 -4.05 0  0.12 0 0   -5.564678166428833e-05 -4.109577076157576e-05 0   0.0001374778434690554 -0.0001597164036401333 0  
15 318219  -2.82 -4.05 0  0.18 0 0   -5.175640374957855e-05 -5.180270312794139e-05 0   0.0001467814521056195 -0.0001382735879188364 0  
15 284972  -2.76 -4.05 0  0.24 0 0   -3.166958435978084e-05 -5.828596774746543e-05 0   0.0001358037143080471 -0.0001119719685519945 0  
15 299031  -2.7 -4.05 0  0.3 0 0   -2.559955497268701e-05 -6.207687242080692e-05 0   0.0001372746060991285 -8.241100775159896e-05 0  
15 274055  -2.64 -4.05 0  0.36 0 0   -1.482814499861244e-05 -6.058996352452731e-05 0   0.0001276226319447627 -6.582107492269368e-05 0  
15 295066  -2.58 -4.05 0  0.42 0 0   -4.930631916737899e-06 -6.000287139371063e-05 0   0.0001171414479158948 -5.746586142291177e-05 0  
15 312327  -2.52 -4.05 0  0.48 0 0   -7.924765631124744e-07 -5.966459643864941e-05 0   0.0001132127720925282 -3.883479155173362e-05 0  
15 264667  -2.46 -4.05 0  0.54 0 0   4.752855700264347e-06 -5.830541813046236e-05 0   0.0001020487155634232 -3.248517400623527e-05 0  
15 315777  -2.4 -4.05 0  0.6000000000000001 0 0   6.973294934653484e-06 -5.544833703857721e-05 0   9.939327800137857e-05 -2.602369077124057e-05 0  
15 318730  -2.34 -4.05 0  0.66 0 0   1.180030558057578e-05 -5.285202411560094e-05 0   9.053442585109372e-05 -1.815281686014247e-05 0  
15 282630  -2.28 -4.05 0  0.72 0 0   1.597289402796923e-05 -4.915091186654882e-05 0   8.640262960863364e-05 -1.233982336363952e-05 0  
15 294002  -2.22 -4.05 0  0.78 0 0   1.71467518767527e-05 -4.618089860427069e-05 0   7.936790442678119e-05 -1.12457305441252e-05 0  
15 282365  -2.16 -4.05 0  0.8400000000000001 0 0   1.802226773773424e-05 -4.547401982000696e-05 0   7.16286136624722e-05 -8.918234629028132e-06 0  
15 309036  -2.1 -4.05 0  0.8999999999999999 0 0   1.978713869516219e-05 -4.226339235787607e-05 0   6.892635534963901e-05 -3.531887326477245e-06 0  
15 304572  -2.04 -4.05 0  0.96 0 0   2.093230515369873e-05 -4.096053045665737e-05 0   6.274700176731041e-05 -1.902108496404376e-06 0  
15 303812  -1.98 -4.05 0  1.02 0 0   2.140108428830918e-05 -3.734357992174475e-05 0   5.805726479850829e-05 -1.318324269306004e-06 0  
15 301018  -1.92 -4.05 0  1.08 0 0   2.218114746627142e-05 -3.608587580497882e-05 0   5.359106052962685e-05 2.079538856548241e-06 0  
15 287084  -1.86 -4.05 0  1.14 0 0   2.237583202658981e-05 -3.457163605622565e-05 0   4.988496983318689e-05 2.895676032947658e-06 0  
15 290393  -1.8 -4.05 0  1.2 0 0   2.347872108158264e-05 -3.220900638228538e-05 0   4.628327648094463e-05 4.317128742572368e-06 0  
15 296311  -1.74 -4.05 0  1.26 0 0   2.329476446119236e-05 -3.138205693034232e-05 0   4.140250296521056e-05 4.62570233162457e-06 0  
15 275601  -1.68 -4.05 0  1.32 0 0   2.311333652430664e-05 -2.931617484617371e-05 0   3.906807235220557e-05 4.247393293651744e-06 0  
15 300354  -1.62 -4.05 0  1.38 0 0   2.381460341855691e-05 -2.857333931759187e-05 0   3.730364274894069e-05 4.935772839945868e-06 0  
15 289665  -1.56 -4.05 0  1.44 0 0   2.361097183282632e-05 -2.704871029698616e-05 0   3.315841392836569e-05 6.391262842367351e-06 0  
15 275025  -1.5 -4.05 0  1.5 0 0   2.32962636105595e-05 -2.645287496411824e-05 0   3.03504675452735e-05 6.303584821057071e-06 0  
15 283594  -1.44 -4.05 0  1.56 0 0   2.365005035562208e-05 -2.492087143315599e-05 0   2.785113888458153e-05 6.728047087038377e-06 0  
15 291152  -1.38 -4.05 0  1.62 0 0   2.333509652809734e-05 -2.439710054586916e-05 0   2.418856121256217e-05 6.72161645533069e-06 0  
15 279101  -1.32 -4.05 0  1.68 0 0   2.321390785983354e-05 -2.383484364157362e-05 0   2.28582639829663e-05 5.52820408733154e-06 0  
15 296188  -1.26 -4.05 0  1.74 0 0   2.290946745456962e-05 -2.304537089971477e-05 0   2.045808109899308e-05 6.265980837639497e-06 0  
15 279359  -1.2 -4.05 0  1.8 0 0   2.304536402466736e-05 -2.196877288115559e-05 0   1.900188216278232e-05 6.337362749710834e-06 0  
15 271261  -1.14 -4.05 0  1.86 0 0   2.264244441580431e-05 -2.154952364747872e-05 0   1.650246067051026e-05 6.337446828173776e-06 0  
15 309241  -1.08 -4.05 0  1.92 0 0   2.276969020717588e-05 -2.061160180565416e-05 0   1.460764059469754e-05 6.312996100897583e-06 0  
15 309368  -1.02 -4.05 0  1.98 0 0   2.25127428125152e-05 -2.035531254872269e-05 0   1.242935842652067e-05 6.274687163486392e-06 0  
15 311909  -0.96 -4.05 0  2.04 0 0   2.239396867303317e-05 -1.98580169690106e-05 0   1.047035951246868e-05 5.843581776803983e-06 0  
15 266184  -0.9000000000000004 -4.05 0  2.1 0 0   2.22178341503787e-05 -1.954320090071654e-05 0   9.254745547223123e-06 5.481280993403781e-06 0  
15 284550  -0.8399999999999999 -4.05 0  2.16 0 0   2.205907075179293e-05 -1.886116738542692e-05 0   7.582992188616758e-06 5.165194785192867e-06 0  
15 264674  -0.7800000000000002 -4.05 0  2.22 0 0   2.193116693199534e-05 -1.871620902268653e-05 0   6.229361499273181e-06 4.855569661307499e-06 0  
15 265670  -0.7199999999999998 -4.05 0  2.28 0 0   2.204072222669606e-05 -1.814077725226237e-05 0   4.635809119945752e-06 4.702963502252466e-06 0  
15 282689  -0.6600000000000001 -4.05 0  2.34 0 0   2.180672593581588e-05 -1.795333060534629e-05 0   3.165453251959688e-06 4.627692685768223e-06 0  
15 311120  -0.5999999999999996 -4.05 0  2.4 0 0   2.185281430624672e-05 -1.758366683545995e-05 0   1.677346519486991e-06 3.86834069826883e-06 0  
15 299805  -0.54 -4.05 0  2.46 0 0   2.170433038115732e-05 -1.747395073635472e-05 0   1.447212531462821e-07 3.77025919486712e-06 0  
15 263799  -0.48 -4.05 0  2.52 0 0   2.169799153658335e-05 -1.722511714808556e-05 0   -1.299794110901564e-06 3.619720879276256e-06 0  
15 282968  -0.4199999999999999 -4.05 0  2.58 0 0   2.154972247041601e-05 -1.696053925424532e-05 0   -2.416946848788487e-06 3.251135691099971e-06 0  
15 262885  -0.3599999999999999 -4.05 0  2.64 0 0   2.143945601828894e-05 -1.672609561109359e-05 0   -3.932604458800615e-06 2.381512245968817e-06 0  
15 286816  -0.2999999999999998 -4.05 0  2.7 0 0   2.149133999171729e-05 -1.659933662743508e-05 0   -5.430575948366101e-06 2.107899108290748e-06 0  
15 276090  -0.2399999999999998 -4.05 0  2.76 0 0   2.15077713697151e-05 -1.645851243433846e-05 0   -6.028600028492107e-06 1.394664188362343e-06 0  
15 272788  -0.1800000000000002 -4.05 0  2.82 0 0   2.143461641227959e-05 -1.637828381830658e-05 0   -7.320513465176523e-06 1.319202194104835e-06 0  
15 286365  -0.1200000000000001 -4.05 0  2.88 0 0   2.146321932853731e-05 -1.622755766117132e-05 0   -8.204501190560778e-06 1.13542746225416e-06 0  
15 275118  -0.06000000000000005 -4.05 0  2.94 0 0   2.145541845539022e-05 -1.617569755710951e-05 0   -9.154623539617442e-06 8.089958256508184e-07 0  
15 313149  0 -4.05 0  3 0 0   2.149134587868876e-05 -1.610056451149117e-05 0   -1.061142735487609e-05 -1.947732235739463e-07 0  
15 288081  0.06000000000000005 -4.05 0  3.06 0 0   2.153349157718934e-05 -1.604356473269494e-05 0   -1.169985459379373e-05 -3.92671594762542e-07 0  
15 305324  0.1200000000000001 -4.05 0  3.12 0 0   2.158716434524227e-05 -1.602890434653295e-05 0   -1.275139204509959e-05 -6.873640422252678e-07 0  
15 306887  0.1800000000000002 -4.05 0  3.18 0 0   2.163574637402237e-05 -1.600759878261568e-05 0   -1.36138422320211e-05 -1.455356281758469e-06 0  
15 273676  0.2400000000000002 -4.05 0  3.24 0 0   2.173600731510605e-05 -1.600263072551109e-05 0   -1.479261671649646e-05 -2.269385013157696e-06 0  
15 275351  0.3000000000000003 -4.05 0  3.3 0 0   2.185020817786071e-05 -1.602463357771667e-05 0   -1.630159898326905e-05 -2.55178995764091e-06 0  
15 310734  0.3600000000000003 -4.05 0  3.36 0 0   2.194133767137452e-05 -1.605224244465367e-05 0   -1.710237466870032e-05 -3.008937773999604e-06 0  
15 294858  0.4199999999999999 -4.05 0  3.42 0 0   2.20928782612706e-05 -1.61384954433701e-05 0   -1.848201626180462e-05 -3.426970516585449e-06 0  
15 315308  0.4799999999999995 -4.05 0  3.48 0 0   2.224829027793265e-05 -1.628899811964221e-05 0   -1.907146966973264e-05 -3.917487286581728e-06 0  
15 284111  0.54 -4.05 0  3.54 0 0   2.241660283833213e-05 -1.630707894828033e-05 0   -2.049113506861697e-05 -4.205332268724868e-06 0  
15 285110  0.5999999999999996 -4.05 0  3.6 0 0   2.274955006553378e-05 -1.652272122093165e-05 0   -2.172138313090606e-05 -4.758684850138944e-06 0  
15 314292  0.6600000000000001 -4.05 0  3.66 0 0   2.287134384184458e-05 -1.665826112412505e-05 0   -2.272116704178997e-05 -4.916702693646968e-06 0  
15 301197  0.7199999999999998 -4.05 0  3.72 0 0   2.303310592067023e-05 -1.677013999806624e-05 0   -2.330162451369411e-05 -6.218324876515989e-06 0  
15 317993  0.7800000000000002 -4.05 0  3.78 0 0   2.331772625565817e-05 -1.707820963251644e-05 0   -2.451347448333488e-05 -6.339032999321328e-06 0  
15 281832  0.8399999999999999 -4.05 0  3.84 0 0   2.371267611761541e-05 -1.720643838922821e-05 0   -2.624502214612287e-05 -6.669637303793885e-06 0  
15 279925  0.9000000000000004 -4.05 0  3.9 0 0   2.419190932845434e-05 -1.762743187360555e-05 0   -2.730200479502971e-05 -7.551380573704233e-06 0  
15 286452  0.96 -4.05 0  3.96 0 0   2.444688491774413e-05 -1.77584356451238e-05 0   -2.808930832455883e-05 -8.537298516056793e-06 0  
15 289978  1.02 -4.05 0  4.02 0 0   2.458269623713369e-05 -1.808453909829186e-05 0   -2.912203843590037e-05 -8.586828510974767e-06 0  
15 269921  1.08 -4.05 0  4.08 0 0   2.530592442969055e-05 -1.835306947964993e-05 0   -3.047873462513548e-05 -9.05490929977229e-06 0  
15 304141  1.14 -4.05 0  4.14 0 0   2.581343511774171e-05 -1.896239951725692e-05 0   -3.238538137338275e-05 -9.681581905184727e-06 0  
15 315525  1.199999999999999 -4.05 0  4.199999999999999 0 0   2.665961951753976e-05 -1.915984977689592e-05 0   -3.413107982097596e-05 -1.07424362958148e-05 0  
15 322772  1.26 -4.05 0  4.26 0 0   2.70759742988097e-05 -1.94217881159045e-05 0   -3.562568244359389e-05 -1.210395737689246e-05 0  
15 295078  1.32 -4.05 0  4.32 0 0   2.799905512066575e-05 -2.027999144952361e-05 0   -3.711001319237593e-05 -1.226398120992485e-05 0  
15 281213  1.38 -4.05 0  4.38 0 0   2.846821431034922e-05 -2.063393725738882e-05 0   -3.80257970905842e-05 -1.325064771355057e-05 0  
15 280380  1.44 -4.05 0  4.44 0 0   2.967002045878298e-05 -2.101493357593853e-05 0   -3.992305119605334e-05 -1.402384264732534e-05 0  
15 283215  1.5 -4.05 0  4.5 0 0   3.044661407084533e-05 -2.199660966900607e-05 0   -4.215101601202529e-05 -1.548174487820721e-05 0  
15 300849  1.56 -4.05 0  4.56 0 0   3.202858986206883e-05 -2.226173347218835e-05 0   -4.465998809957336e-05 -1.622293507751692e-05 0  
15 288136  1.62 -4.05 0  4.62 0 0   3.307358860457632e-05 -2.193777524252087e-05 0   -4.578912214221395e-05 -1.958222704106767e-05 0  
15 265059  1.68 -4.05 0  4.68 0 0   3.38311577472326e-05 -2.312773395954371e-05 0   -4.712922379559005e-05 -2.01236866201656e-05 0  
15 273525  1.74 -4.05 0  4.74 0 0   3.588846585453678e-05 -2.382243302796044e-05 0   -4.973657693286594e-05 -2.212548973960955e-05 0  
15 292478  1.800000000000001 -4.05 0  4.800000000000001 0 0   3.664608728614835e-05 -2.45638600404538e-05 0   -5.163419548553363e-05 -2.283234364621432e-05 0  
15 261074  1.86 -4.05 0  4.86 0 0   3.881490900300988e-05 -2.508868296747895e-05 0   -5.393609690380885e-05 -2.523182673220235e-05 0  
15 275777  1.92 -4.05 0  4.92 0 0   4.153499488916777e-05 -2.637957711688899e-05 0   -5.69374828285024e-05 -2.652839104502758e-05 0  
15 284862  1.98 -4.05 0  4.98 0 0   4.484370542140459e-05 -2.661042045453213e-05 0   -5.97680110279962e-05 -2.921394328154157e-05 0  
15 295383  2.04 -4.05 0  5.04 0 0   4.65879252005176e-05 -2.718465299456074e-05 0   -6.27240469647729e-05 -3.305656079365463e-05 0  
15 301375  2.1 -4.05 0  5.1 0 0   5.043307259145619e-05 -2.710716637368236e-05 0   -6.708766109445735e-05 -3.487704398068194e-05 0  
15 261852  2.16 -4.05 0  5.16 0 0   5.461556656513947e-05 -2.711972127329015e-05 0   -6.868601670309213e-05 -3.867330280774885e-05 0  
15 305636  2.22 -4.05 0  5.22 0 0   5.832143813776051e-05 -2.906964009288457e-05 0   -7.23676845484824e-05 -4.433282607329073e-05 0  
15 312171  2.28 -4.05 0  5.28 0 0   6.134848902515644e-05 -2.753498310608879e-05 0   -7.415477971637122e-05 -4.905746709260757e-05 0  
15 267009  2.34 -4.05 0  5.34 0 0   6.884604411615952e-05 -2.720651494274307e-05 0   -7.821298285054859e-05 -5.210030597947897e-05 0  
15 269677  2.4 -4.05 0  5.4 0 0   7.618826979586928e-05 -2.581254345351489e-05 0   -8.606158437935406e-05 -6.376150040965541e-05 0  
15 305378  2.46 -4.05 0  5.46 0 0   8.357824308468514e-05 -2.528981681482884e-05 0   -8.610685237041282e-05 -6.763308771628833e-05 0  
15 304328  2.52 -4.05 0  5.52 0 0   8.740411207168106e-05 -1.869487981603565e-05 0   -8.530078860748656e-05 -7.984241344815776e-05 0  
15 300699  2.58 -4.05 0  5.58 0 0   9.381198629968696e-05 -1.780532263398471e-05 0   -8.550738068760499e-05 -8.327018570270048e-05 0  
15 285482  2.64 -4.05 0  5.64 0 0   0.0001055508869149679 -1.181496918687026e-05 0   -8.867774767900259e-05 -9.699799398799405e-05 0  
15 276939  2.699999999999999 -4.05 0  5.699999999999999 0 0   0.0001103235728301677 -5.213340486254214e-06 0   -8.853829449488072e-05 -0.000108204880551915 0  
15 290916  2.76 -4.05 0  5.76 0 0   0.0001295142661836184 1.374137871127529e-05 0   -9.393449371221372e-05 -0.0001335911428968113 0  
15 279567  2.82 -4.05 0  5.82 0 0   0.0001376883766755661 2.494323794869843e-05 0   -8.566656000167511e-05 -0.0001455770093732808 0  
15 305508  2.88 -4.05 0  5.88 0 0   0.0001536687348057293 5.129921543907748e-05 0   -8.34580882615836e-05 -0.0001643043841971781 0  
15 269471  2.94 -4.05 0  5.94 0 0   0.0001504521178431403 8.606223984378505e-05 0   -6.16549666983407e-05 -0.0001946305782910898 0  
15 272522  3 -4.05 0  6 0 0   0.0001038355351096198 0.0001497270001525469 0   6.764022534855307e-07 -0.0002241257564915347 0  
