15 537807  -2 -4.05 0  0 0 0   -2.519471461294616e-05 3.670905787016981e-05 0   4.020911843331939e-05 -0.0002331671716575747 0  
15 597696  -1.96 -4.05 0  0.04 0 0   -4.895707917735963e-05 1.440514615844591e-05 0   8.535196791266972e-05 -0.0002085003274573735 0  
15 572364  -1.92 -4.05 0  0.08 0 0   -5.664047380304037e-05 -1.40956935375156e-05 0   0.0001134226796633562 -0.0001696143935750411 0  
15 555625  -1.88 -4.05 0  0.12 0 0   -5.010835719978254e-05 -2.019124122742098e-05 0   0.0001180086663081968 -0.0001610300865353483 0  
15 562107  -1.84 -4.05 0  0.16 0 0   -4.420793000611259e-05 -3.844566150225446e-05 0   0.0001195974649977564 -0.0001259313551027763 0  
15 551954  -1.8 -4.05 0  0.2 0 0   -3.58457231581389e-05 -4.286422774364977e-05 0   0.0001213690825479412 -0.0001155084610822829 0  
15 553042  -1.76 -4.05 0  0.24 0 0   -2.658167576799529e-05 -4.929633538346958e-05 0   0.0001172803153156928 -9.622843898171043e-05 0  
15 592579  -1.72 -4.05 0  0.28 0 0   -2.073900690862729e-05 -5.246587235162997e-05 0   0.0001146287395570444 -8.353180404396809e-05 0  
15 558482  -1.68 -4.05 0  0.32 0 0   -1.738164233369623e-05 -5.764476961341502e-05 0   0.0001130694654605211 -6.744619972292665e-05 0  
15 576919  -1.64 -4.05 0  0.36 0 0   -1.018013097576066e-05 -5.350040051858287e-05 0   0.0001057145493806436 -6.440497838224469e-05 0  
15 579748  -1.6 -4.05 0  0.4 0 0   -5.307125250645327e-06 -5.639923112635758e-05 0   0.0001024580038730787 -5.586652849866682e-05 0  
15 576128  -1.56 -4.05 0  0.44 0 0   -2.432049121708565e-06 -5.543797690252023e-05 0   9.72456341740628e-05 -4.607255502044874e-05 0  
15 586613  -1.52 -4.05 0  0.48 0 0   1.772275608971554e-06 -5.319541904248411e-05 0   9.253075391134043e-05 -4.306427659647597e-05 0  
15 569185  -1.48 -4.05 0  0.52 0 0   4.059675066777919e-06 -5.397014593696431e-05 0   9.049988366467828e-05 -3.71919164156144e-05 0  
15 541885  -1.44 -4.05 0  0.5600000000000001 0 0   7.333605793552033e-06 -5.269806438074499e-05 0   8.50536402365867e-05 -3.215612486882435e-05 0  
15 573019  -1.4 -4.05 0  0.6 0 0   1.104107080221071e-05 -5.220638405058816e-05 0   8.01910879506206e-05 -2.562132883135795e-05 0  
15 538234  -1.36 -4.05 0  0.64 0 0   1.396128956098483e-05 -4.984539414179545e-05 0   7.57692543181393e-05 -2.372913376106679e-05 0  
15 535484  -1.32 -4.05 0  0.68 0 0   1.653298397252595e-05 -4.893488199054184e-05 0   6.996811789431942e-05 -2.129514318686488e-05 0  
15 590497  -1.28 -4.05 0  0.72 0 0   1.750438868096697e-05 -4.778981832375285e-05 0   6.614196700226632e-05 -1.96251338205472e-05 0  
15 564324  -1.24 -4.05 0  0.76 0 0   1.914620992512443e-05 -4.617094579600263e-05 0   6.391618815200072e-05 -1.653499774239615e-05 0  
15 555472  -1.2 -4.05 0  0.8 0 0   2.03135904245891e-05 -4.52435536579341e-05 0   5.905572605823992e-05 -1.22336304477018e-05 0  
15 536260  -1.16 -4.05 0  0.84 0 0   2.161783112744359e-05 -4.441259568602695e-05 0   5.55366915619567e-05 -1.105060022027168e-05 0  
15 548980  -1.12 -4.05 0  0.88 0 0   2.233797189728519e-05 -4.298006693390522e-05 0   5.347317572358809e-05 -9.002656247832476e-06 0  
15 550413  -1.08 -4.05 0  0.92 0 0   2.41303350561879e-05 -4.147463960057531e-05 0   4.784033804856348e-05 -7.731348908429029e-06 0  
15 560172  -1.04 -4.05 0  0.96 0 0   2.53881695030031e-05 -3.984795415231702e-05 0   4.586891101290977e-05 -6.694196125178395e-06 0  
15 592504  -1 -4.05 0  1 0 0   2.586579750329769e-05 -3.949419880394048e-05 0   4.345728313900682e-05 -5.83619744265549e-06 0  
15 570279  -0.96 -4.05 0  1.04 0 0   2.607402975796438e-05 -3.835020695506087e-05 0   4.00741988641198e-05 -3.970617026264451e-06 0  
15 546366  -0.9199999999999999 -4.05 0  1.08 0 0   2.667558267821241e-05 -3.741663349680078e-05 0   3.736049192581059e-05 -3.073268753756801e-06 0  
15 541417  -0.8799999999999999 -4.05 0  1.12 0 0   2.732762255388288e-05 -3.574524352594269e-05 0   3.495040098383363e-05 -2.438977810141889e-06 0  
15 549346  -0.8400000000000001 -4.05 0  1.16 0 0   2.8048688325873e-05 -3.526162932503607e-05 0   3.145547002385155e-05 -2.186001463595245e-06 0  
15 559586  -0.8 -4.05 0  1.2 0 0   2.812874577897556e-05 -3.427000642092269e-05 0   2.873407630561665e-05 -1.18651610345904e-06 0  
15 541581  -0.76 -4.05 0  1.24 0 0   2.838473544027574e-05 -3.347656975747834e-05 0   2.725614938999324e-05 -4.547799851220558e-07 0  
15 545127  -0.72 -4.05 0  1.28 0 0   2.855876168873783e-05 -3.264406714982961e-05 0   2.564421371342718e-05 -9.783591663544301e-07 0  
15 535532  -0.6799999999999999 -4.05 0  1.32 0 0   2.890286985841308e-05 -3.139537007346865e-05 0   2.219626392580909e-05 -1.821544199188366e-06 0  
15 572835  -0.6399999999999999 -4.05 0  1.36 0 0   2.918217912679412e-05 -3.089218247980322e-05 0   2.003193282632291e-05 -2.648433184094991e-07 0  
15 547642  -0.6000000000000001 -4.05 0  1.4 0 0   2.929766937609466e-05 -3.043413534126258e-05 0   1.737514422534264e-05 -2.102467148791575e-07 0  
15 546748  -0.5600000000000001 -4.05 0  1.44 0 0   2.945983222350183e-05 -2.972509053550095e-05 0   1.628355034599422e-05 -6.100432918133402e-07 0  
15 548027  -0.52 -4.05 0  1.48 0 0   2.9796375343903e-05 -2.939040823408132e-05 0   1.336031222572229e-05 -6.456797873575539e-07 0  
15 556219  -0.48 -4.05 0  1.52 0 0   3.004338309624526e-05 -2.861124628114262e-05 0   1.106785371527167e-05 -1.086250508826759e-06 0  
15 587595  -0.4399999999999999 -4.05 0  1.56 0 0   2.995994852680092e-05 -2.801566308224031e-05 0   9.684626161456707e-06 -1.020290312533575e-06 0  
15 561883  -0.3999999999999999 -4.05 0  1.6 0 0   3.019842678056699e-05 -2.776680106859192e-05 0   8.501260685551005e-06 -5.319210066153865e-07 0  
15 546934  -0.3600000000000001 -4.05 0  1.64 0 0   3.046243090088895e-05 -2.74506454188291e-05 0   5.798408868407448e-06 -6.402310970673661e-07 0  
15 565157  -0.3200000000000001 -4.05 0  1.68 0 0   3.049326908365502e-05 -2.706387249066253e-05 0   3.820284588594743e-06 -1.155994199951611e-07 0  
15 558353  -0.28 -4.05 0  1.72 0 0   3.0678039676798e-05 -2.667281352528375e-05 0   2.026266854953523e-06 -1.073709674449287e-06 0  
15 545956  -0.24 -4.05 0  1.76 0 0   3.077340603465078e-05 -2.640134628440014e-05 0   -1.542526690493512e-07 -7.458106773359369e-07 0  
15 545128  -0.2 -4.05 0  1.8 0 0   3.078420398955513e-05 -2.61093481638921e-05 0   -1.381838342661736e-06 -1.855274663361758e-06 0  
15 579503  -0.1599999999999999 -4.05 0  1.84 0 0   3.09441014158876e-05 -2.570139188434826e-05 0   -2.97406037313595e-06 -2.67804286829083e-06 0  
15 535541  -0.1200000000000001 -4.05 0  1.88 0 0   3.10772009882495e-05 -2.555349680791533e-05 0   -4.844107603238761e-06 -1.805348273611462e-06 0  
15 539326  -0.08000000000000007 -4.05 0  1.92 0 0   3.117456465952673e-05 -2.531752072631836e-05 0   -5.906515986491782e-06 -2.829588214782854e-06 0  
15 572040  -0.04000000000000004 -4.05 0  1.96 0 0   3.144425171592701e-05 -2.52315455129869e-05 0   -8.144229021877711e-06 -3.0701690908355e-06 0  
15 542376  0 -4.05 0  2 0 0   3.158308489623063e-05 -2.517820145591862e-05 0   -9.597932828013262e-06 -2.750375519905467e-06 0  
15 548303  0.04000000000000004 -4.05 0  2.04 0 0   3.178082744838924e-05 -2.50328060169714e-05 0   -1.109842811001063e-05 -3.480022827110577e-06 0  
15 586375  0.08000000000000007 -4.05 0  2.08 0 0   3.202004426996162e-05 -2.501736559265642e-05 0   -1.298043551422375e-05 -3.569006618370056e-06 0  
15 569305  0.1200000000000001 -4.05 0  2.12 0 0   3.212417811806426e-05 -2.490968997192599e-05 0   -1.366623144796134e-05 -4.539621579770746e-06 0  
15 535036  0.1600000000000001 -4.05 0  2.16 0 0   3.243604113329322e-05 -2.491442681402511e-05 0   -1.548836359249522e-05 -4.776825759316133e-06 0  
15 569799  0.2000000000000002 -4.05 0  2.2 0 0   3.28453164273098e-05 -2.490796148298113e-05 0   -1.806403912719837e-05 -5.446565452901179e-06 0  
15 540594  0.2400000000000002 -4.05 0  2.24 0 0   3.302493132172676e-05 -2.48407032531258e-05 0   -1.903474098660781e-05 -6.508031358434634e-06 0  
15 579695  0.2799999999999998 -4.05 0  2.28 0 0   3.32998451364093e-05 -2.509222406646416e-05 0   -2.026116805907896e-05 -6.392818298637214e-06 0  
15 547058  0.3199999999999998 -4.05 0  2.32 0 0   3.367338082536312e-05 -2.496969545285124e-05 0   -2.187944798391801e-05 -7.843589806484034e-06 0  
15 573730  0.3599999999999999 -4.05 0  2.36 0 0   3.392994389016593e-05 -2.516493397897949e-05 0   -2.315826899257052e-05 -7.867510066837885e-06 0  
15 563113  0.3999999999999999 -4.05 0  2.4 0 0   3.444437224502626e-05 -2.549821327115171e-05 0   -2.524250823683063e-05 -8.301410678934707e-06 0  
15 566278  0.4399999999999999 -4.05 0  2.44 0 0   3.508456090112449e-05 -2.547591612464469e-05 0   -2.759025714846883e-05 -9.700915969014372e-06 0  
15 556620  0.48 -4.05 0  2.48 0 0   3.568305853498231e-05 -2.557629024598287e-05 0   -2.898417116903914e-05 -1.002136309318901e-05 0  
15 556027  0.52 -4.05 0  2.52 0 0   3.609014651205457e-05 -2.57553626585149e-05 0   -3.049540768364591e-05 -1.133393135088322e-05 0  
15 585356  0.5600000000000001 -4.05 0  2.56 0 0   3.682318695161051e-05 -2.626657752697117e-05 0   -3.2577480789536e-05 -1.102975985806673e-05 0  
15 549391  0.6000000000000001 -4.05 0  2.6 0 0   3.773437970554672e-05 -2.640252856808689e-05 0   -3.441276153561337e-05 -1.252050053271989e-05 0  
15 552778  0.6400000000000001 -4.05 0  2.64 0 0   3.830735961164473e-05 -2.624282936533433e-05 0   -3.536802460366636e-05 -1.378333354919614e-05 0  
15 548413  0.6800000000000002 -4.05 0  2.68 0 0   3.901754161320884e-05 -2.681250540098384e-05 0   -3.78550385864867e-05 -1.514201768649777e-05 0  
15 573341  0.7200000000000002 -4.05 0  2.72 0 0   3.970906866831991e-05 -2.695142357505426e-05 0   -3.921996220189114e-05 -1.581662357263199e-05 0  
15 556991  0.7599999999999998 -4.05 0  2.76 0 0   4.095999067445233e-05 -2.749878233742221e-05 0   -4.127917125466103e-05 -1.64631029168469e-05 0  
15 563714  0.7999999999999998 -4.05 0  2.8 0 0   4.219309620917284e-05 -2.780340540749909e-05 0   -4.400352578206408e-05 -1.833147250891298e-05 0  
15 540610  0.8399999999999999 -4.05 0  2.84 0 0   4.303514165798165e-05 -2.778416495631542e-05 0   -4.52189180803449e-05 -2.008402117962453e-05 0  
15 544165  0.8799999999999999 -4.05 0  2.88 0 0   4.371973107248749e-05 -2.83293535762656e-05 0   -4.633927160103144e-05 -2.12803121387461e-05 0  
15 547412  0.9199999999999999 -4.05 0  2.92 0 0   4.551856396555615e-05 -2.845000079435261e-05 0   -4.889966615935579e-05 -2.233765138955502e-05 0  
15 574117  0.96 -4.05 0  2.96 0 0   4.704950651950642e-05 -2.958360121646606e-05 0   -5.05698284292695e-05 -2.389831762416141e-05 0  
15 592492  1 -4.05 0  3 0 0   4.84544575790561e-05 -2.955764205944266e-05 0   -5.323314914586295e-05 -2.647768361529898e-05 0  
15 560152  1.04 -4.05 0  3.04 0 0   4.975811166083033e-05 -2.941899323364965e-05 0   -5.505497407358559e-05 -2.756480043406961e-05 0  
15 550388  1.08 -4.05 0  3.08 0 0   5.139557922469694e-05 -3.006586440859431e-05 0   -5.579156476034127e-05 -2.979670799629734e-05 0  
15 548960  1.12 -4.05 0  3.12 0 0   5.495401032405874e-05 -3.055472144284027e-05 0   -5.940682345841313e-05 -3.208755061757181e-05 0  
15 536245  1.16 -4.05 0  3.16 0 0   5.632581215090195e-05 -3.066992770117943e-05 0   -6.07039784687232e-05 -3.498555227349296e-05 0  
15 555448  1.2 -4.05 0  3.2 0 0   5.874356333681642e-05 -3.074532798597518e-05 0   -6.28754172952023e-05 -3.664349040125047e-05 0  
15 564295  1.24 -4.05 0  3.24 0 0   6.168298648351073e-05 -2.953206157829159e-05 0   -6.637215868874908e-05 -4.113911558800525e-05 0  
15 590483  1.28 -4.05 0  3.28 0 0   6.383819890781912e-05 -2.93331108334972e-05 0   -6.721223411881687e-05 -4.503233090731714e-05 0  
15 535476  1.32 -4.05 0  3.32 0 0   6.623318217427801e-05 -2.942793350860988e-05 0   -6.996834257439605e-05 -4.73090806153687e-05 0  
15 538222  1.36 -4.05 0  3.36 0 0   7.069933189495512e-05 -2.901738298937643e-05 0   -7.34341155372983e-05 -5.010256154374358e-05 0  
15 572995  1.4 -4.05 0  3.4 0 0   7.485682320022488e-05 -2.994306027204446e-05 0   -7.549798871685481e-05 -5.334130451498239e-05 0  
15 541865  1.44 -4.05 0  3.44 0 0   7.984468047738183e-05 -2.740767991640802e-05 0   -7.752382829280102e-05 -5.952404553765138e-05 0  
15 569163  1.48 -4.05 0  3.48 0 0   8.47896203923673e-05 -2.614142541192133e-05 0   -8.041560141666248e-05 -6.486209066596839e-05 0  
15 586601  1.52 -4.05 0  3.52 0 0   8.7467650963108e-05 -2.293205733413465e-05 0   -8.086519929434953e-05 -6.970765106102585e-05 0  
15 576114  1.56 -4.05 0  3.56 0 0   9.28347560995307e-05 -2.335226450454926e-05 0   -8.262580127084567e-05 -7.379183679869904e-05 0  
15 579727  1.6 -4.05 0  3.6 0 0   9.737168163798549e-05 -1.982819618423677e-05 0   -8.56735107624268e-05 -8.325942379794338e-05 0  
15 576902  1.64 -4.05 0  3.64 0 0   0.0001026285434935891 -1.385233436379356e-05 0   -8.583481760722619e-05 -8.938819163779605e-05 0  
15 558468  1.68 -4.05 0  3.68 0 0   0.000111468911159711 -1.584970165969396e-05 0   -8.850606802884029e-05 -9.450964753079331e-05 0  
15 592568  1.72 -4.05 0  3.72 0 0   0.0001147890330469702 -5.025252813234404e-06 0   -8.808404641548386e-05 -0.0001063976486263807 0  
15 553031  1.76 -4.05 0  3.76 0 0   0.0001205395891914936 2.618245220100974e-06 0   -8.734290593040081e-05 -0.0001164116079264566 0  
15 551942  1.8 -4.05 0  3.8 0 0   0.0001295364526060251 1.515243871317911e-05 0   -8.621096887722213e-05 -0.0001309273042018931 0  
15 562102  1.84 -4.05 0  3.84 0 0   0.0001356255501674189 2.247479987887123e-05 0   -8.021659574098793e-05 -0.0001383735367923495 0  
15 555618  1.88 -4.05 0  3.88 0 0   0.000140007528589713 4.863738549208251e-05 0   -7.569102502629974e-05 -0.0001622391054248878 0  
15 572358  1.92 -4.05 0  3.92 0 0   0.0001443204552976726 5.603732083865262e-05 0   -6.802828294496176e-05 -0.0001673893860010545 0  
15 597695  1.96 -4.05 0  3.96 0 0   0.0001338663495932448 8.951037746654338e-05 0   -4.423000040304839e-05 -0.0001907602938054278 0  
15 537808  2 -4.05 0  4 0 0   0.0001093288063482717 0.000118396895505038 0   -1.081163327970591e-05 -0.0002030391454968944 0  
