15 230355  -5 -4.05 0  0 0 0   -9.555743236535665e-05 -7.179942645366144e-05 0   -3.035358084740869e-05 -0.0002717082023526718 0  
15 217980  -4.9 -4.05 0  0.1 0 0   -8.628433778669776e-06 -9.938341911602854e-05 0   0.0001088204736224025 -0.0002048273642062557 0  
15 225768  -4.8 -4.05 0  0.2 0 0   -2.067835770161973e-06 -7.77253189852339e-05 0   0.0001178893831194228 -0.0001381946951916017 0  
15 234913  -4.7 -4.05 0  0.3 0 0   1.460057729570888e-05 -6.805747038201009e-05 0   0.0001106612285098887 -0.0001070685910067679 0  
15 237528  -4.6 -4.05 0  0.4 0 0   1.630737575429629e-05 -5.61894907490485e-05 0   9.998878537471542e-05 -7.141357063426834e-05 0  
15 226658  -4.5 -4.05 0  0.5 0 0   2.190461422526006e-05 -5.032924453929766e-05 0   8.803464836400492e-05 -6.129620657453413e-05 0  
15 246380  -4.4 -4.05 0  0.6 0 0   2.434805141646678e-05 -4.578006642701627e-05 0   8.267072217010667e-05 -5.032362334244159e-05 0  
15 214865  -4.3 -4.05 0  0.7000000000000001 0 0   2.529417116576139e-05 -4.061843459695399e-05 0   7.93609387443675e-05 -4.201566145841436e-05 0  
15 231984  -4.2 -4.05 0  0.8 0 0   2.50511225769732e-05 -3.540206147236227e-05 0   7.170425872906824e-05 -3.276697006932006e-05 0  
15 254077  -4.1 -4.05 0  0.8999999999999999 0 0   2.615465628282151e-05 -3.248281867930265e-05 0   6.347181953468193e-05 -2.800515606767723e-05 0  
15 217640  -4 -4.05 0  1 0 0   2.557382213966308e-05 -2.809032104124625e-05 0   5.644296417629769e-05 -2.320325066851488e-05 0  
15 226949  -3.9 -4.05 0  1.1 0 0   2.589752258192867e-05 -2.531562941978076e-05 0   5.460465215124076e-05 -1.741045908157032e-05 0  
15 215001  -3.8 -4.05 0  1.2 0 0   2.5943001328329e-05 -2.265314348523419e-05 0   5.035532979046423e-05 -1.705699315505092e-05 0  
15 229414  -3.7 -4.05 0  1.3 0 0   2.568093870337169e-05 -2.028772223197205e-05 0   4.843349731114936e-05 -1.487557431994763e-05 0  
15 241951  -3.6 -4.05 0  1.4 0 0   2.467935221470797e-05 -1.810441389215635e-05 0   4.294456090141283e-05 -1.221954221892682e-05 0  
15 253018  -3.5 -4.05 0  1.5 0 0   2.459566941372853e-05 -1.536052952168937e-05 0   4.139164133870089e-05 -9.7731224746999e-06 0  
15 250257  -3.4 -4.05 0  1.6 0 0   2.430085242230559e-05 -1.471897708587178e-05 0   3.902188230441115e-05 -9.332604083939905e-06 0  
15 240072  -3.3 -4.05 0  1.7 0 0   2.287517784604009e-05 -1.285871599020477e-05 0   3.516225860925124e-05 -7.848405944482426e-06 0  
15 236708  -3.2 -4.05 0  1.8 0 0   2.26305291694596e-05 -1.089989062741598e-05 0   3.381332662589966e-05 -6.699114704664805e-06 0  
15 219744  -3.1 -4.05 0  1.9 0 0   2.214478763182346e-05 -1.032359288996847e-05 0   3.194446054897472e-05 -6.350939681537895e-06 0  
15 242115  -3 -4.05 0  2 0 0   2.126045788237128e-05 -8.526024362950045e-06 0   2.980974381916121e-05 -4.201008846467513e-06 0  
15 247629  -2.9 -4.05 0  2.1 0 0   2.05845762662098e-05 -7.88493691947223e-06 0   2.769438041484761e-05 -4.441343173363851e-06 0  
15 225816  -2.8 -4.05 0  2.2 0 0   1.969519489204794e-05 -6.261942543999907e-06 0   2.602898760029927e-05 -2.99080855061494e-06 0  
15 217243  -2.7 -4.05 0  2.3 0 0   1.914430750815221e-05 -5.665888190380802e-06 0   2.472754597982775e-05 -2.721153363860473e-06 0  
15 238598  -2.6 -4.05 0  2.4 0 0   1.860774904385767e-05 -5.173951552923939e-06 0   2.319805885075531e-05 -3.058371622483014e-06 0  
15 225694  -2.5 -4.05 0  2.5 0 0   1.819979017956283e-05 -4.499601542876097e-06 0   2.23512557652383e-05 -2.643624586361019e-06 0  
15 252125  -2.4 -4.05 0  2.6 0 0   1.714295157679343e-05 -3.682315763633634e-06 0   2.030141081864507e-05 -2.193016084664143e-06 0  
15 238870  -2.3 -4.05 0  2.7 0 0   1.670184678149024e-05 -3.199546290028575e-06 0   1.948579556964453e-05 -1.869559724034311e-06 0  
15 234643  -2.2 -4.05 0  2.8 0 0   1.608798121527496e-05 -2.522347143941658e-06 0   1.855020429096001e-05 -1.500912804782914e-06 0  
15 233766  -2.1 -4.05 0  2.9 0 0   1.531237949959057e-05 -1.982460812734958e-06 0   1.707023663268404e-05 -1.173774049463561e-06 0  
15 241606  -2 -4.05 0  3 0 0   1.467803828434158e-05 -1.776219485856781e-06 0   1.607239356101863e-05 -1.064003722930223e-06 0  
15 217734  -1.9 -4.05 0  3.1 0 0   1.441332759746132e-05 -1.40091569132304e-06 0   1.561726915435234e-05 -8.499866667567926e-07 0  
15 231154  -1.8 -4.05 0  3.2 0 0   1.356561054193959e-05 -7.619203808090572e-07 0   1.436262289239779e-05 -1.770250424321801e-07 0  
15 230935  -1.7 -4.05 0  3.3 0 0   1.296040918616131e-05 -7.173891568438076e-07 0   1.33288278718743e-05 -3.77890917710455e-07 0  
15 244088  -1.6 -4.05 0  3.4 0 0   1.26203457801238e-05 -5.212459112213623e-07 0   1.2811637665016e-05 -2.632547062043911e-07 0  
15 218768  -1.5 -4.05 0  3.5 0 0   1.181839688737911e-05 -1.764832229379613e-07 0   1.158812617929605e-05 5.328330790477231e-08 0  
15 242387  -1.4 -4.05 0  3.6 0 0   1.127502688431014e-05 -1.087977728594577e-07 0   1.076784753775532e-05 1.057130162261666e-07 0  
15 242278  -1.3 -4.05 0  3.7 0 0   1.103382069853141e-05 2.10291307084845e-08 0   1.040043781900916e-05 2.350130009279305e-07 0  
15 239851  -1.2 -4.05 0  3.8 0 0   1.038757503448156e-05 3.871915163202941e-07 0   9.41037437235219e-06 7.823487806826734e-07 0  
15 242593  -1.1 -4.05 0  3.9 0 0   9.82087638813807e-06 2.105688191676031e-07 0   8.529741386541743e-06 5.284349596131055e-07 0  
15 216498  -1 -4.05 0  4 0 0   9.464451632799128e-06 1.549361978059501e-07 0   7.952621167521372e-06 4.779749652687043e-07 0  
15 222660  -0.9000000000000004 -4.05 0  4.1 0 0   8.965526389136808e-06 4.62733580079179e-07 0   7.110326247958612e-06 1.099899201693205e-06 0  
15 246205  -0.7999999999999998 -4.05 0  4.2 0 0   8.516058112625902e-06 2.284098622696781e-07 0   6.385887024171373e-06 8.491524543258883e-07 0  
15 218570  -0.7000000000000002 -4.05 0  4.3 0 0   8.253633365917605e-06 1.843221035633009e-07 0   5.927771087528219e-06 9.184335330696125e-07 0  
15 228468  -0.5999999999999996 -4.05 0  4.4 0 0   7.793362644538393e-06 3.310239222514486e-07 0   5.031291689491096e-06 1.421504941433865e-06 0  
15 215205  -0.5 -4.05 0  4.5 0 0   7.366117604144708e-06 6.08056744504093e-08 0   4.251372564607024e-06 1.160556133070201e-06 0  
15 237449  -0.3999999999999995 -4.05 0  4.600000000000001 0 0   7.185740255729808e-06 -6.424239108911156e-08 0   3.87411548002925e-06 1.188603204346772e-06 0  
15 220695  -0.3000000000000007 -4.05 0  4.699999999999999 0 0   6.787167575553546e-06 3.870004773240399e-09 0   2.938808806543514e-06 1.703883474162352e-06 0  
15 244025  -0.2000000000000002 -4.05 0  4.8 0 0   6.450492602969558e-06 -3.016104919810469e-07 0   2.235780432096289e-06 1.429772689657757e-06 0  
15 221556  -0.09999999999999964 -4.05 0  4.9 0 0   6.279796233905292e-06 -4.162534821983838e-07 0   1.801886530841852e-06 1.524572192105472e-06 0  
15 228208  0 -4.05 0  5 0 0   5.931386629275505e-06 -6.425609801663165e-07 0   6.976391125634602e-07 1.49908914293985e-06 0  
15 249095  0.09999999999999964 -4.05 0  5.1 0 0   5.72405523672874e-06 -8.230559227209375e-07 0   1.14154271715905e-07 1.608375351198205e-06 0  
15 242680  0.2000000000000002 -4.05 0  5.2 0 0   5.595751508080324e-06 -9.882706301454075e-07 0   -3.701066484257387e-07 1.572219552001611e-06 0  
15 214591  0.3000000000000007 -4.05 0  5.300000000000001 0 0   5.481499913652897e-06 -1.185983905390656e-06 0   -1.033036577240479e-06 1.813343220760655e-06 0  
15 225893  0.4000000000000004 -4.05 0  5.4 0 0   5.274039560620612e-06 -1.289903233392398e-06 0   -1.993877716861261e-06 1.791534446850609e-06 0  
15 215832  0.5 -4.05 0  5.5 0 0   5.103332985454973e-06 -1.577321870047978e-06 0   -2.670790747751756e-06 1.679771622768375e-06 0  
15 226871  0.6000000000000005 -4.05 0  5.600000000000001 0 0   5.039050899997843e-06 -1.793283798512835e-06 0   -3.146455795095121e-06 1.681088112939592e-06 0  
15 236882  0.6999999999999993 -4.05 0  5.699999999999999 0 0   4.849950323346838e-06 -2.041050733380539e-06 0   -4.408701427761376e-06 1.863610190572934e-06 0  
15 253221  0.7999999999999998 -4.05 0  5.8 0 0   4.810187823469075e-06 -2.237659831511897e-06 0   -4.910626943416783e-06 1.795892696920473e-06 0  
15 245198  0.8999999999999995 -4.05 0  5.899999999999999 0 0   4.830089889044931e-06 -2.516044892245019e-06 0   -5.554920095447377e-06 1.87313156777176e-06 0  
15 230123  1 -4.05 0  6 0 0   4.718667264416807e-06 -2.806579115500508e-06 0   -6.889492009278311e-06 1.65784970854177e-06 0  
15 248928  1.1 -4.05 0  6.1 0 0   4.727575597422099e-06 -3.029544472545921e-06 0   -7.403913121355882e-06 1.688563258543663e-06 0  
15 224819  1.2 -4.05 0  6.2 0 0   4.791589366740824e-06 -3.270531920808277e-06 0   -8.529252446780669e-06 2.076670980337425e-06 0  
15 230868  1.3 -4.05 0  6.3 0 0   4.77392463926838e-06 -3.55366231228043e-06 0   -9.478203313684729e-06 1.359862472072315e-06 0  
15 252837  1.4 -4.05 0  6.4 0 0   4.79946923799936e-06 -3.715086642854838e-06 0   -1.021746536086993e-05 1.315213143946933e-06 0  
15 216200  1.5 -4.05 0  6.5 0 0   4.907382619608047e-06 -4.03425836925566e-06 0   -1.092693891298433e-05 1.117853561521075e-06 0  
15 247107  1.600000000000001 -4.05 0  6.600000000000001 0 0   4.970129715017781e-06 -4.323543950261223e-06 0   -1.255049751646559e-05 9.839266424636894e-07 0  
15 230934  1.7 -4.05 0  6.7 0 0   5.032589241260686e-06 -4.580038059712188e-06 0   -1.318541221117728e-05 8.820407913379819e-07 0  
15 231153  1.800000000000001 -4.05 0  6.800000000000001 0 0   5.283230827728483e-06 -4.92993367145686e-06 0   -1.442094337031699e-05 1.112261231206099e-06 0  
15 217733  1.899999999999999 -4.05 0  6.899999999999999 0 0   5.389434916637601e-06 -5.166318578504747e-06 0   -1.592837740974073e-05 2.75417610778525e-07 0  
15 241605  2 -4.05 0  7 0 0   5.493077890821475e-06 -5.465048979848459e-06 0   -1.646345877150211e-05 -3.211947484545175e-08 0  
15 233765  2.1 -4.05 0  7.1 0 0   5.639846389242104e-06 -5.62163588160771e-06 0   -1.764877991901597e-05 -1.96796260296464e-07 0  
15 234642  2.199999999999999 -4.05 0  7.199999999999999 0 0   6.044807857624951e-06 -5.965527614647421e-06 0   -1.934770471097704e-05 -6.787171926286861e-07 0  
15 238871  2.3 -4.05 0  7.3 0 0   6.156633946781571e-06 -6.38160504900457e-06 0   -2.045571951396485e-05 -1.257006880030567e-06 0  
15 252124  2.4 -4.05 0  7.4 0 0   6.349510264177811e-06 -6.611670058695278e-06 0   -2.138454360165951e-05 -1.733822732543841e-06 0  
15 225693  2.5 -4.05 0  7.5 0 0   6.855912016632409e-06 -7.048277549860649e-06 0   -2.368172628964237e-05 -2.456442456963068e-06 0  
15 238597  2.6 -4.05 0  7.6 0 0   7.083398284177082e-06 -7.35940106600004e-06 0   -2.461437489126219e-05 -3.098598233726435e-06 0  
15 217244  2.7 -4.05 0  7.7 0 0   7.648149797254318e-06 -8.000733790400165e-06 0   -2.620435894016768e-05 -3.000454290866608e-06 0  
15 225817  2.800000000000001 -4.05 0  7.800000000000001 0 0   8.033809546786549e-06 -8.315845119971459e-06 0   -2.758533692502271e-05 -3.491845894147694e-06 0  
15 247628  2.9 -4.05 0  7.9 0 0   8.366566497096731e-06 -8.705072794381978e-06 0   -2.942342931244214e-05 -5.460600385023481e-06 0  
15 242114  3 -4.05 0  8 0 0   9.133383694830827e-06 -9.355216447242028e-06 0   -3.154530137690001e-05 -5.538886558355618e-06 0  
15 219745  3.100000000000001 -4.05 0  8.100000000000001 0 0   9.72928167678952e-06 -9.456254284730993e-06 0   -3.376180498978251e-05 -8.180797139931313e-06 0  
15 236709  3.199999999999999 -4.05 0  8.199999999999999 0 0   1.045638748690372e-05 -9.695851275366707e-06 0   -3.555742235767994e-05 -8.735565436429615e-06 0  
15 240071  3.299999999999999 -4.05 0  8.299999999999999 0 0   1.105652120653167e-05 -1.052708396738055e-05 0   -3.679901400282723e-05 -1.059629021193248e-05 0  
15 250256  3.4 -4.05 0  8.4 0 0   1.218862592335243e-05 -1.109354615709719e-05 0   -4.066495314059698e-05 -1.26936959991969e-05 0  
15 253019  3.5 -4.05 0  8.5 0 0   1.330555005383508e-05 -1.133231203856184e-05 0   -4.274863535331684e-05 -1.335648386806623e-05 0  
15 241950  3.6 -4.05 0  8.6 0 0   1.411458169541316e-05 -1.204619974114716e-05 0   -4.40555575386796e-05 -1.664980882071579e-05 0  
15 229413  3.699999999999999 -4.05 0  8.699999999999999 0 0   1.640069580857067e-05 -1.224212944464509e-05 0   -4.898152551968508e-05 -1.983744281736956e-05 0  
15 215002  3.800000000000001 -4.05 0  8.800000000000001 0 0   1.725664479245836e-05 -1.285927728291239e-05 0   -5.065380110621468e-05 -2.272130047658704e-05 0  
15 226950  3.9 -4.05 0  8.9 0 0   1.961864131318561e-05 -1.472223351275514e-05 0   -5.403675318521942e-05 -2.427967866912469e-05 0  
15 217639  4 -4.05 0  9 0 0   2.087309958327156e-05 -1.373696526890764e-05 0   -5.535044153165761e-05 -3.022638476850564e-05 0  
15 254076  4.1 -4.05 0  9.1 0 0   2.421615847129303e-05 -1.460757999457302e-05 0   -6.121016528159474e-05 -3.613820543841607e-05 0  
15 231985  4.200000000000001 -4.05 0  9.200000000000001 0 0   2.948882220574423e-05 -1.438180059190868e-05 0   -6.717479073572942e-05 -4.129317445237743e-05 0  
15 214864  4.300000000000001 -4.05 0  9.300000000000001 0 0   3.333323273582798e-05 -1.367691837015923e-05 0   -7.329652140425445e-05 -5.105003176324348e-05 0  
15 246381  4.399999999999999 -4.05 0  9.399999999999999 0 0   3.582113853992141e-05 -1.350869604369379e-05 0   -7.542980660270055e-05 -6.001249771584588e-05 0  
15 226657  4.5 -4.05 0  9.5 0 0   4.059762821104944e-05 -1.155459565306723e-05 0   -7.844824615259229e-05 -7.072670834822221e-05 0  
15 237529  4.6 -4.05 0  9.6 0 0   5.135788090095779e-05 -1.122409233534488e-05 0   -8.508485864521637e-05 -8.136338140232041e-05 0  
15 234914  4.699999999999999 -4.05 0  9.699999999999999 0 0   5.813319904164095e-05 -3.322328630915063e-06 0   -9.253315055282943e-05 -0.0001145221354315988 0  
15 225769  4.800000000000001 -4.05 0  9.800000000000001 0 0   7.599472002523346e-05 3.616241512046162e-06 0   -9.038690810024607e-05 -0.0001429986272780109 0  
15 217981  4.9 -4.05 0  9.9 0 0   7.762038088307424e-05 1.616579241034161e-05 0   -8.045303804654451e-05 -0.000204097650251707 0  
15 230356  5 -4.05 0  10 0 0   9.464777857173812e-05 7.495772275372195e-05 0   6.520675111634788e-05 -0.0002428178361742819 0  
