15 230355  -5 -4.05 0  0 0 0   -7.964526549108716e-05 -2.210967525331786e-05 0   -0.0002008401879507044 -0.000256096656225939 0  
15 217980  -4.9 -4.05 0  0.1 0 0   -3.158601226630798e-05 -4.392615332594386e-05 0   -3.866075281549379e-06 -0.0002453193494889225 0  
15 225768  -4.8 -4.05 0  0.2 0 0   -2.853837781442389e-05 -3.563691545409526e-05 0   9.459671401410887e-06 -0.0001821157463162571 0  
15 234913  -4.7 -4.05 0  0.3 0 0   -2.120712446088916e-05 -3.335218320580941e-05 0   2.530757295047311e-05 -0.0001552555491730139 0  
15 237528  -4.6 -4.05 0  0.4 0 0   -1.95936256601136e-05 -3.177314184669511e-05 0   2.26690068324078e-05 -0.0001259533341127102 0  
15 226658  -4.5 -4.05 0  0.5 0 0   -1.583482382015917e-05 -3.065923684334565e-05 0   2.506355934634154e-05 -0.00011523578926224 0  
15 246380  -4.4 -4.05 0  0.6 0 0   -1.398205337061549e-05 -3.04019366365242e-05 0   2.645764402852107e-05 -0.0001061510320705577 0  
15 214865  -4.3 -4.05 0  0.7000000000000001 0 0   -1.301673945711753e-05 -2.968505755767661e-05 0   2.672722223043245e-05 -9.746349502989316e-05 0  
15 231984  -4.2 -4.05 0  0.8 0 0   -1.1606148703441e-05 -2.927891085266932e-05 0   2.465540216014194e-05 -8.87217240102356e-05 0  
15 254077  -4.1 -4.05 0  0.8999999999999999 0 0   -9.169299362272879e-06 -2.907742794534211e-05 0   2.470494471264291e-05 -8.409568522203857e-05 0  
15 217640  -4 -4.05 0  1 0 0   -7.506676050019628e-06 -2.827373013138904e-05 0   2.3170561568148e-05 -7.762256683273988e-05 0  
15 226949  -3.9 -4.05 0  1.1 0 0   -6.772223554021156e-06 -2.864214209686829e-05 0   2.351563867755149e-05 -7.341948329817895e-05 0  
15 215001  -3.8 -4.05 0  1.2 0 0   -5.337720021621976e-06 -2.740428004272726e-05 0   2.347101125718435e-05 -6.972465974438901e-05 0  
15 229414  -3.7 -4.05 0  1.3 0 0   -4.791936990847733e-06 -2.689947068450953e-05 0   2.311440994752739e-05 -6.637136206478139e-05 0  
15 241951  -3.6 -4.05 0  1.4 0 0   -3.198740453499153e-06 -2.668774140553599e-05 0   2.198198545764723e-05 -6.333011417498585e-05 0  
15 253018  -3.5 -4.05 0  1.5 0 0   -2.580033401345565e-06 -2.609575079836842e-05 0   2.202312561114384e-05 -5.951564358195092e-05 0  
15 250257  -3.4 -4.05 0  1.6 0 0   -1.671829033148952e-06 -2.589074655173339e-05 0   2.19231605473523e-05 -5.860173835023926e-05 0  
15 240072  -3.3 -4.05 0  1.7 0 0   -6.694605212833964e-07 -2.540512630208776e-05 0   2.048931786128406e-05 -5.60112684284714e-05 0  
15 236708  -3.2 -4.05 0  1.8 0 0   -1.096880562149582e-07 -2.464361452602119e-05 0   2.043651716358156e-05 -5.317455046586839e-05 0  
15 219744  -3.1 -4.05 0  1.9 0 0   6.12529677559287e-07 -2.441106993653747e-05 0   2.019659183452195e-05 -5.23305234144187e-05 0  
15 242115  -3 -4.05 0  2 0 0   1.250539216448351e-06 -2.435598580137867e-05 0   1.946412249402611e-05 -5.009524096050838e-05 0  
15 247629  -2.9 -4.05 0  2.1 0 0   2.112937176270368e-06 -2.367915371466727e-05 0   1.917188236410044e-05 -4.891976209474833e-05 0  
15 225816  -2.8 -4.05 0  2.2 0 0   2.532684952752688e-06 -2.329794886012549e-05 0   1.838673014612527e-05 -4.673916963619649e-05 0  
15 217243  -2.7 -4.05 0  2.3 0 0   3.014262230302111e-06 -2.295475012895889e-05 0   1.80669157417556e-05 -4.58069101264279e-05 0  
15 238598  -2.6 -4.05 0  2.4 0 0   3.744832698231735e-06 -2.219168176096687e-05 0   1.797287482400853e-05 -4.468384552005957e-05 0  
15 225694  -2.5 -4.05 0  2.5 0 0   4.064871406286993e-06 -2.183075219599475e-05 0   1.774605713815788e-05 -4.362627220895021e-05 0  
15 252125  -2.4 -4.05 0  2.6 0 0   4.823331038787682e-06 -2.130261407397695e-05 0   1.714623552832525e-05 -4.226196797686298e-05 0  
15 238870  -2.3 -4.05 0  2.7 0 0   5.127932394265373e-06 -2.102551438411065e-05 0   1.690254508797032e-05 -4.147975767977621e-05 0  
15 234643  -2.2 -4.05 0  2.8 0 0   5.349758819040784e-06 -2.050057520682543e-05 0   1.640152201715442e-05 -4.025477211492114e-05 0  
15 233766  -2.1 -4.05 0  2.9 0 0   6.024075184398727e-06 -2.006293012924701e-05 0   1.613889344646391e-05 -3.924501954083437e-05 0  
15 241606  -2 -4.05 0  3 0 0   6.331744237019388e-06 -1.985689679965836e-05 0   1.571720523162846e-05 -3.881775996450909e-05 0  
15 217734  -1.9 -4.05 0  3.1 0 0   6.522186944582552e-06 -1.946681788437946e-05 0   1.56039601530765e-05 -3.801710627705302e-05 0  
15 231154  -1.8 -4.05 0  3.2 0 0   6.83162836155062e-06 -1.922456652464532e-05 0   1.495451099963114e-05 -3.70504975396661e-05 0  
15 230935  -1.7 -4.05 0  3.3 0 0   7.336968502131723e-06 -1.870376105332075e-05 0   1.479154718439144e-05 -3.645753850996009e-05 0  
15 244088  -1.6 -4.05 0  3.4 0 0   7.510406158486686e-06 -1.835767050617325e-05 0   1.458953021088926e-05 -3.585813378150567e-05 0  
15 218768  -1.5 -4.05 0  3.5 0 0   7.945675750552824e-06 -1.786412147241679e-05 0   1.414438186266704e-05 -3.489594725723149e-05 0  
15 242387  -1.4 -4.05 0  3.6 0 0   8.183801049389296e-06 -1.76775972727315e-05 0   1.37733184307848e-05 -3.459697416534845e-05 0  
15 242278  -1.3 -4.05 0  3.7 0 0   8.299488716601066e-06 -1.729735558318778e-05 0   1.361988919681501e-05 -3.39790844257373e-05 0  
15 239851  -1.2 -4.05 0  3.8 0 0   8.549458662338201e-06 -1.712577755736246e-05 0   1.31225698558877e-05 -3.330045501146188e-05 0  
15 242593  -1.1 -4.05 0  3.9 0 0   8.904712035877858e-06 -1.6693767372625e-05 0   1.285030791153721e-05 -3.296099698777452e-05 0  
15 216498  -1 -4.05 0  4 0 0   9.043128306522119e-06 -1.641024393320535e-05 0   1.25547927996365e-05 -3.265032912703981e-05 0  
15 222660  -0.9000000000000004 -4.05 0  4.1 0 0   9.232835356819602e-06 -1.616400032084181e-05 0   1.211153096137229e-05 -3.185519527367626e-05 0  
15 246205  -0.7999999999999998 -4.05 0  4.2 0 0   9.538911477875289e-06 -1.573073902481079e-05 0   1.189587962360425e-05 -3.154533212814379e-05 0  
15 218570  -0.7000000000000002 -4.05 0  4.3 0 0   9.665149698057183e-06 -1.547357427555203e-05 0   1.167980319592297e-05 -3.119937967670781e-05 0  
15 228468  -0.5999999999999996 -4.05 0  4.4 0 0   9.839537348883907e-06 -1.527881803884031e-05 0   1.117945655515029e-05 -3.059790513791302e-05 0  
15 215205  -0.5 -4.05 0  4.5 0 0   1.011236890657049e-05 -1.489999343932567e-05 0   1.087396565698623e-05 -3.039400286186308e-05 0  
15 237449  -0.3999999999999995 -4.05 0  4.600000000000001 0 0   1.020394094983961e-05 -1.462872692558292e-05 0   1.068300661235817e-05 -3.009579351810729e-05 0  
15 220695  -0.3000000000000007 -4.05 0  4.699999999999999 0 0   1.039704174012317e-05 -1.44699696556865e-05 0   1.017804145689565e-05 -2.95577912661632e-05 0  
15 244025  -0.2000000000000002 -4.05 0  4.8 0 0   1.06414231526037e-05 -1.410196439073251e-05 0   9.89123928465778e-06 -2.941407981134911e-05 0  
15 221556  -0.09999999999999964 -4.05 0  4.9 0 0   1.074800442624137e-05 -1.390305779574432e-05 0   9.671465348778116e-06 -2.916890586862164e-05 0  
15 228208  0 -4.05 0  5 0 0   1.096089467252044e-05 -1.359793712134077e-05 0   9.065577450206625e-06 -2.893064546931421e-05 0  
15 249095  0.09999999999999964 -4.05 0  5.1 0 0   1.112927765002571e-05 -1.335456896701471e-05 0   8.78942661847377e-06 -2.866597470868593e-05 0  
15 242680  0.2000000000000002 -4.05 0  5.2 0 0   1.123207815079998e-05 -1.316266257851955e-05 0   8.5322795167239e-06 -2.855164140660809e-05 0  
15 214591  0.3000000000000007 -4.05 0  5.300000000000001 0 0   1.132427349196221e-05 -1.293410100901065e-05 0   8.151284643263465e-06 -2.824058851351474e-05 0  
15 225893  0.4000000000000004 -4.05 0  5.4 0 0   1.154032357127843e-05 -1.282841036181212e-05 0   7.655920209682779e-06 -2.819092528069016e-05 0  
15 215832  0.5 -4.05 0  5.5 0 0   1.173766880722461e-05 -1.253841417992504e-05 0   7.330361251195244e-06 -2.81056745645345e-05 0  
15 226871  0.6000000000000005 -4.05 0  5.600000000000001 0 0   1.183241559270633e-05 -1.233774623104014e-05 0   7.078375961074327e-06 -2.801419476134207e-05 0  
15 236882  0.6999999999999993 -4.05 0  5.699999999999999 0 0   1.213329994823671e-05 -1.214112288396192e-05 0   6.43218374495394e-06 -2.783642811492789e-05 0  
15 253221  0.7999999999999998 -4.05 0  5.8 0 0   1.223593590440344e-05 -1.197313162964184e-05 0   6.169981199606687e-06 -2.783277757517416e-05 0  
15 245198  0.8999999999999995 -4.05 0  5.899999999999999 0 0   1.232381125965305e-05 -1.177231128840711e-05 0   5.831647400894808e-06 -2.776143977345231e-05 0  
15 230123  1 -4.05 0  6 0 0   1.26503835087906e-05 -1.152683946478369e-05 0   5.15656374627132e-06 -2.787302088772849e-05 0  
15 248928  1.1 -4.05 0  6.1 0 0   1.274924852622894e-05 -1.138639310851747e-05 0   4.898743395279721e-06 -2.788001366551066e-05 0  
15 224819  1.2 -4.05 0  6.2 0 0   1.295776653162514e-05 -1.132829074211973e-05 0   4.353943197252415e-06 -2.773331791724402e-05 0  
15 230868  1.3 -4.05 0  6.3 0 0   1.319183651535879e-05 -1.099998917164068e-05 0   3.881060685104578e-06 -2.816737823936122e-05 0  
15 252837  1.4 -4.05 0  6.4 0 0   1.335711844349641e-05 -1.090248034139006e-05 0   3.523646877009274e-06 -2.824784998864101e-05 0  
15 216200  1.5 -4.05 0  6.5 0 0   1.348073367481097e-05 -1.069630123157585e-05 0   3.217167415622618e-06 -2.848534579391409e-05 0  
15 247107  1.600000000000001 -4.05 0  6.600000000000001 0 0   1.387214820109534e-05 -1.053564738179476e-05 0   2.436215993628773e-06 -2.870886000296653e-05 0  
15 230934  1.7 -4.05 0  6.7 0 0   1.401409503710115e-05 -1.041044385847621e-05 0   2.148232603006728e-06 -2.891827375040793e-05 0  
15 231153  1.800000000000001 -4.05 0  6.800000000000001 0 0   1.425862521655264e-05 -1.03529634356077e-05 0   1.682416846185419e-06 -2.904009511962499e-05 0  
15 217733  1.899999999999999 -4.05 0  6.899999999999999 0 0   1.463556182850151e-05 -1.005726842841399e-05 0   9.762689250128725e-07 -2.965732695857501e-05 0  
15 241605  2 -4.05 0  7 0 0   1.475367076867948e-05 -9.897869324854321e-06 0   7.730398376363645e-07 -3.006820544285485e-05 0  
15 233765  2.1 -4.05 0  7.1 0 0   1.504106802315019e-05 -9.817890595411292e-06 0   2.651928926731325e-07 -3.029408537392683e-05 0  
15 234642  2.199999999999999 -4.05 0  7.199999999999999 0 0   1.542901313694199e-05 -9.620346998228876e-06 0   -2.872581500151642e-07 -3.086954463104793e-05 0  
15 238871  2.3 -4.05 0  7.3 0 0   1.571266483559909e-05 -9.403378091409152e-06 0   -7.878345736423223e-07 -3.159443502766604e-05 0  
15 252124  2.4 -4.05 0  7.4 0 0   1.594008883943048e-05 -9.24886498191585e-06 0   -1.114775938743356e-06 -3.209244887952649e-05 0  
15 225693  2.5 -4.05 0  7.5 0 0   1.651337018637061e-05 -9.020910630804478e-06 0   -1.885826749189155e-06 -3.29558585194273e-05 0  
15 238597  2.6 -4.05 0  7.6 0 0   1.674902989099716e-05 -8.835929572012687e-06 0   -2.176306218777766e-06 -3.365428662429563e-05 0  
15 217244  2.7 -4.05 0  7.7 0 0   1.715522648564321e-05 -8.849488073428471e-06 0   -2.480993922041042e-06 -3.428861133982376e-05 0  
15 225817  2.800000000000001 -4.05 0  7.800000000000001 0 0   1.751616415277598e-05 -8.724540593561553e-06 0   -2.863202414819799e-06 -3.491750619062997e-05 0  
15 247628  2.9 -4.05 0  7.9 0 0   1.799414573543448e-05 -8.232481264141764e-06 0   -3.57373787335984e-06 -3.650147137097305e-05 0  
15 242114  3 -4.05 0  8 0 0   1.856243244551274e-05 -8.242937423735743e-06 0   -3.982663653259114e-06 -3.725646723945269e-05 0  
15 219745  3.100000000000001 -4.05 0  8.100000000000001 0 0   1.914557326709214e-05 -7.597356756757628e-06 0   -4.652795049928191e-06 -3.89354677177438e-05 0  
15 236709  3.199999999999999 -4.05 0  8.199999999999999 0 0   1.963485501323625e-05 -7.479940278492993e-06 0   -4.943834342925027e-06 -3.95281983139326e-05 0  
15 240071  3.299999999999999 -4.05 0  8.299999999999999 0 0   1.998148434164152e-05 -7.110318062854108e-06 0   -5.056731596145021e-06 -4.153616966887791e-05 0  
15 250256  3.4 -4.05 0  8.4 0 0   2.09835195903816e-05 -6.686241010203653e-06 0   -6.218937190511503e-06 -4.339806225531163e-05 0  
15 253019  3.5 -4.05 0  8.5 0 0   2.15673300107929e-05 -6.563153670410826e-06 0   -6.358332016307604e-06 -4.404981686570702e-05 0  
15 241950  3.6 -4.05 0  8.6 0 0   2.194256052430975e-05 -5.929163837705125e-06 0   -6.362392911630956e-06 -4.679173645570547e-05 0  
15 229413  3.699999999999999 -4.05 0  8.699999999999999 0 0   2.324562239646019e-05 -5.295541151388236e-06 0   -7.226711970123633e-06 -4.897506943169795e-05 0  
15 215002  3.800000000000001 -4.05 0  8.800000000000001 0 0   2.368289456940805e-05 -4.807905371334228e-06 0   -7.486149723548788e-06 -5.137110496964033e-05 0  
15 226950  3.9 -4.05 0  8.9 0 0   2.464003903345901e-05 -4.765191339745588e-06 0   -7.505526159353598e-06 -5.401857470595023e-05 0  
15 217639  4 -4.05 0  9 0 0   2.505516577315384e-05 -3.578796171113154e-06 0   -7.245480599061757e-06 -5.698536407639605e-05 0  
15 254076  4.1 -4.05 0  9.1 0 0   2.651930011468486e-05 -2.762908839374755e-06 0   -8.262231518066637e-06 -6.157632309861626e-05 0  
15 231985  4.200000000000001 -4.05 0  9.200000000000001 0 0   2.820599207405171e-05 -1.978810856020051e-06 0   -8.080579888709416e-06 -6.482606742063638e-05 0  
15 214864  4.300000000000001 -4.05 0  9.300000000000001 0 0   2.958590171164496e-05 -6.347869080797208e-07 0   -9.414543863464804e-06 -7.094264961978857e-05 0  
15 246381  4.399999999999999 -4.05 0  9.399999999999999 0 0   3.021510361065965e-05 3.532127051245927e-07 0   -9.144663930982233e-06 -7.703031041838204e-05 0  
15 226657  4.5 -4.05 0  9.5 0 0   3.13307149645576e-05 1.614051961424355e-06 0   -8.011397433498914e-06 -8.33348675419272e-05 0  
15 237529  4.6 -4.05 0  9.6 0 0   3.383309139768753e-05 2.341903024415982e-06 0   -5.986970770578432e-06 -9.083848250597982e-05 0  
15 234914  4.699999999999999 -4.05 0  9.699999999999999 0 0   3.540479739920672e-05 4.771514733830414e-06 0   -7.633396422945197e-06 -0.0001111756060963717 0  
15 225769  4.800000000000001 -4.05 0  9.800000000000001 0 0   3.986030318782745e-05 5.706620152310868e-06 0   4.056890625885653e-06 -0.0001299015285729423 0  
15 217981  4.9 -4.05 0  9.9 0 0   4.159950040883093e-05 3.665818086151691e-06 0   1.360026916268249e-05 -0.0001744211217432406 0  
15 230356  5 -4.05 0  10 0 0   7.563564501212455e-05 2.971073733744334e-05 0   0.0001558034062163344 -0.0001770992893070714 0  
