15 226847  -5 -4.05 0  0 0 0   -9.283735493181844e-05 -8.337524986301581e-06 0   -0.0001764533287034534 -0.0002610620588030937 0  
15 214472  -4.9 -4.05 0  0.1 0 0   -3.81468533102846e-05 -3.823846629668996e-05 0   1.731003030837341e-06 -0.0002379700879206583 0  
15 222260  -4.8 -4.05 0  0.2 0 0   -3.494090745061879e-05 -2.974983695324535e-05 0   1.406970168000773e-05 -0.0001783822620270142 0  
15 231405  -4.7 -4.05 0  0.3 0 0   -2.798034284754326e-05 -2.786054598608728e-05 0   2.902211642408703e-05 -0.0001524885402395867 0  
15 234020  -4.6 -4.05 0  0.4 0 0   -2.638597198635281e-05 -2.706809037118785e-05 0   2.640937270881848e-05 -0.0001238651673356392 0  
15 223150  -4.5 -4.05 0  0.5 0 0   -2.289759643673162e-05 -2.640380547083362e-05 0   2.870909542411915e-05 -0.000113283379531778 0  
15 242872  -4.4 -4.05 0  0.6 0 0   -2.121511347903844e-05 -2.656437080571922e-05 0   3.008332035107789e-05 -0.0001042385097628565 0  
15 211357  -4.3 -4.05 0  0.7000000000000001 0 0   -2.03260883540439e-05 -2.634597380836261e-05 0   3.035126221510127e-05 -9.552813529607046e-05 0  
15 228476  -4.2 -4.05 0  0.8 0 0   -1.886678406558262e-05 -2.649741575933701e-05 0   2.823981674493665e-05 -8.669321793843172e-05 0  
15 250569  -4.1 -4.05 0  0.8999999999999999 0 0   -1.655125456149868e-05 -2.663180312133251e-05 0   2.823860988920976e-05 -8.197934058823755e-05 0  
15 214132  -4 -4.05 0  1 0 0   -1.483230543697627e-05 -2.637573820765682e-05 0   2.660360765343369e-05 -7.534833563421946e-05 0  
15 223441  -3.9 -4.05 0  1.1 0 0   -1.415598550172023e-05 -2.710332570629581e-05 0   2.693140006920086e-05 -7.097523432845598e-05 0  
15 211493  -3.8 -4.05 0  1.2 0 0   -1.276822390262541e-05 -2.627117120193936e-05 0   2.681816994193863e-05 -6.716831976817661e-05 0  
15 225906  -3.7 -4.05 0  1.3 0 0   -1.220450976821205e-05 -2.61374473943532e-05 0   2.641485421300393e-05 -6.366598891901706e-05 0  
15 238443  -3.6 -4.05 0  1.4 0 0   -1.052008822486575e-05 -2.628059111662445e-05 0   2.510511519844972e-05 -6.045359970037467e-05 0  
15 249510  -3.5 -4.05 0  1.5 0 0   -9.918258741491159e-06 -2.618383229228624e-05 0   2.509951740436393e-05 -5.641107542819507e-05 0  
15 246749  -3.4 -4.05 0  1.6 0 0   -9.010299390955004e-06 -2.610534787969576e-05 0   2.49102859176684e-05 -5.544337641456322e-05 0  
15 236564  -3.3 -4.05 0  1.7 0 0   -7.803181304581394e-06 -2.599483977246131e-05 0   2.323913909908553e-05 -5.267649157774529e-05 0  
15 233200  -3.2 -4.05 0  1.8 0 0   -7.230947055042458e-06 -2.567539047303169e-05 0   2.311017376335246e-05 -4.9653288033546e-05 0  
15 216236  -3.1 -4.05 0  1.9 0 0   -6.459632492808454e-06 -2.558090079138667e-05 0   2.274424415192253e-05 -4.875149346411992e-05 0  
15 238607  -3 -4.05 0  2 0 0   -5.677651052762855e-06 -2.592308481665431e-05 0   2.182614232190162e-05 -4.626044756519173e-05 0  
15 244121  -2.9 -4.05 0  2.1 0 0   -4.731254860388875e-06 -2.545071682556743e-05 0   2.134477864999818e-05 -4.504883448457932e-05 0  
15 222308  -2.8 -4.05 0  2.2 0 0   -4.130545516605605e-06 -2.550069820247275e-05 0   2.036550262768822e-05 -4.263529450018299e-05 0  
15 213735  -2.7 -4.05 0  2.3 0 0   -3.551055077152115e-06 -2.534390240171644e-05 0   1.989342520135329e-05 -4.163398198530656e-05 0  
15 235090  -2.6 -4.05 0  2.4 0 0   -2.748966395085817e-06 -2.478777960274181e-05 0   1.961130397423478e-05 -4.051157876199061e-05 0  
15 222186  -2.5 -4.05 0  2.5 0 0   -2.35014992001556e-06 -2.465285031152953e-05 0   1.926466209607085e-05 -3.937102102706449e-05 0  
15 248617  -2.4 -4.05 0  2.6 0 0   -1.368505463597916e-06 -2.44226971600689e-05 0   1.834474750023705e-05 -3.791571430791178e-05 0  
15 235362  -2.3 -4.05 0  2.7 0 0   -9.651239673480125e-07 -2.432730303767588e-05 0   1.796124074587326e-05 -3.707239643211627e-05 0  
15 231135  -2.2 -4.05 0  2.8 0 0   -5.754412031773459e-07 -2.40861322873126e-05 0   1.72906926491816e-05 -3.578149622675102e-05 0  
15 230258  -2.1 -4.05 0  2.9 0 0   2.679676546924609e-07 -2.389316345781725e-05 0   1.673754611675529e-05 -3.472177195927226e-05 0  
15 238098  -2 -4.05 0  3 0 0   7.554133325659435e-07 -2.378880587198054e-05 0   1.610958500974707e-05 -3.428321859159228e-05 0  
15 214226  -1.9 -4.05 0  3.1 0 0   1.013319717989292e-06 -2.359647737976839e-05 0   1.589601725964169e-05 -3.346376375932582e-05 0  
15 227646  -1.8 -4.05 0  3.2 0 0   1.5978196054936e-06 -2.364127969935875e-05 0   1.49748515535968e-05 -3.23845026815768e-05 0  
15 227427  -1.7 -4.05 0  3.3 0 0   2.259306456715154e-06 -2.323238835700431e-05 0   1.455088362977038e-05 -3.188764253616444e-05 0  
15 240580  -1.6 -4.05 0  3.4 0 0   2.542768803940124e-06 -2.303582224740669e-05 0   1.422134077257338e-05 -3.131266337655977e-05 0  
15 215260  -1.5 -4.05 0  3.5 0 0   3.244173873243397e-06 -2.28020929239417e-05 0   1.346077181769208e-05 -3.037359578234511e-05 0  
15 238879  -1.4 -4.05 0  3.6 0 0   3.687205908957034e-06 -2.268970566860623e-05 0   1.288284209266955e-05 -3.01021738656794e-05 0  
15 238770  -1.3 -4.05 0  3.7 0 0   3.894090124037519e-06 -2.246785466303997e-05 0   1.263296690300411e-05 -2.954543891787618e-05 0  
15 236343  -1.2 -4.05 0  3.8 0 0   4.417339212432064e-06 -2.25384238303275e-05 0   1.189036971360833e-05 -2.881076023858106e-05 0  
15 239085  -1.1 -4.05 0  3.9 0 0   4.986907340008909e-06 -2.213727929035667e-05 0   1.136031387591547e-05 -2.864079557990135e-05 0  
15 212990  -1 -4.05 0  4 0 0   5.295592106551936e-06 -2.191095260103276e-05 0   1.092394939498226e-05 -2.842863099963757e-05 0  
15 219152  -0.9000000000000004 -4.05 0  4.1 0 0   5.740942314341746e-06 -2.195259183656456e-05 0   1.028358848508253e-05 -2.762355080996627e-05 0  
15 242697  -0.7999999999999998 -4.05 0  4.2 0 0   6.237429148230056e-06 -2.153413424617334e-05 0   9.844596407276168e-06 -2.751912121258526e-05 0  
15 215062  -0.7000000000000002 -4.05 0  4.3 0 0   6.502884934816641e-06 -2.136112357004755e-05 0   9.513946367418948e-06 -2.727346777437693e-05 0  
15 224960  -0.5999999999999996 -4.05 0  4.4 0 0   6.967989902868094e-06 -2.139261484590885e-05 0   8.830009234116545e-06 -2.670417073089015e-05 0  
15 211697  -0.5 -4.05 0  4.5 0 0   7.47188437703189e-06 -2.09954182252281e-05 0   8.312716437383714e-06 -2.671449849073106e-05 0  
15 233941  -0.3999999999999995 -4.05 0  4.600000000000001 0 0   7.684212110366587e-06 -2.078513179627761e-05 0   8.041286670159697e-06 -2.655756872981191e-05 0  
15 217187  -0.3000000000000007 -4.05 0  4.699999999999999 0 0   8.183223772915277e-06 -2.084064086498721e-05 0   7.366692198555388e-06 -2.607654050674167e-05 0  
15 240517  -0.2000000000000002 -4.05 0  4.8 0 0   8.642448043123113e-06 -2.043210816711494e-05 0   6.901252332798449e-06 -2.616771737400971e-05 0  
15 218048  -0.09999999999999964 -4.05 0  4.9 0 0   8.889001405890801e-06 -2.029532316964733e-05 0   6.600637752423189e-06 -2.604600303704203e-05 0  
15 224700  0 -4.05 0  5 0 0   9.46356867542221e-06 -2.002010005419316e-05 0   5.844655659733504e-06 -2.600955995106166e-05 0  
15 245587  0.09999999999999964 -4.05 0  5.1 0 0   9.815764644285213e-06 -1.984097618584757e-05 0   5.45880873054419e-06 -2.591730480773057e-05 0  
15 239172  0.2000000000000002 -4.05 0  5.2 0 0   1.007379009680676e-05 -1.965493888179959e-05 0   5.141499111904757e-06 -2.594168746816727e-05 0  
15 211083  0.3000000000000007 -4.05 0  5.300000000000001 0 0   1.038007457697387e-05 -1.952438091926481e-05 0   4.723104249024224e-06 -2.581822816494564e-05 0  
15 222385  0.4000000000000004 -4.05 0  5.4 0 0   1.089597930381894e-05 -1.941800725311499e-05 0   4.124557605095767e-06 -2.585187934552556e-05 0  
15 212324  0.5 -4.05 0  5.5 0 0   1.129971364517701e-05 -1.910654942553422e-05 0   3.698234396999536e-06 -2.599453643590578e-05 0  
15 223363  0.6000000000000005 -4.05 0  5.600000000000001 0 0   1.15397416560574e-05 -1.891215130687095e-05 0   3.416000566608401e-06 -2.607527535691996e-05 0  
15 233374  0.6999999999999993 -4.05 0  5.699999999999999 0 0   1.221852209657912e-05 -1.877219940209229e-05 0   2.66363436942068e-06 -2.609762441829321e-05 0  
15 249713  0.7999999999999998 -4.05 0  5.8 0 0   1.246826256006209e-05 -1.858183136398475e-05 0   2.381558158940159e-06 -2.624162156821246e-05 0  
15 241690  0.8999999999999995 -4.05 0  5.899999999999999 0 0   1.274001478548947e-05 -1.839540188023486e-05 0   2.066709712128263e-06 -2.637931192941891e-05 0  
15 226615  1 -4.05 0  6 0 0   1.34424382195672e-05 -1.807691004326525e-05 0   1.317894760735367e-06 -2.669982414131924e-05 0  
15 245420  1.1 -4.05 0  6.1 0 0   1.368048430064502e-05 -1.793131117281896e-05 0   1.06525986105126e-06 -2.686356267734939e-05 0  
15 221311  1.2 -4.05 0  6.2 0 0   1.418256474019011e-05 -1.795711654983823e-05 0   5.556108484705037e-07 -2.687596828316414e-05 0  
15 227360  1.3 -4.05 0  6.3 0 0   1.466322679505652e-05 -1.741835834053948e-05 0   5.748733845640369e-08 -2.750754993504495e-05 0  
15 249329  1.4 -4.05 0  6.4 0 0   1.501311976181887e-05 -1.729463092665223e-05 0   -2.937099963823842e-07 -2.76932325849414e-05 0  
15 212692  1.5 -4.05 0  6.5 0 0   1.530157333701036e-05 -1.700664636463019e-05 0   -5.440850441209427e-07 -2.81325269521791e-05 0  
15 243599  1.600000000000001 -4.05 0  6.600000000000001 0 0   1.607707657630408e-05 -1.678073733345567e-05 0   -1.317793896650921e-06 -2.852930708306927e-05 0  
15 227426  1.7 -4.05 0  6.7 0 0   1.636023047090103e-05 -1.659908157251519e-05 0   -1.582404321589202e-06 -2.888386651634517e-05 0  
15 227645  1.800000000000001 -4.05 0  6.800000000000001 0 0   1.685364706887488e-05 -1.654524536922816e-05 0   -1.939910676949496e-06 -2.918726598928395e-05 0  
15 214225  1.899999999999999 -4.05 0  6.899999999999999 0 0   1.75481882120701e-05 -1.602981638555018e-05 0   -2.623118765289912e-06 -2.994010965090988e-05 0  
15 238097  2 -4.05 0  7 0 0   1.776626824225198e-05 -1.575969781842171e-05 0   -2.787714480043894e-06 -3.049835490788163e-05 0  
15 230257  2.1 -4.05 0  7.1 0 0   1.828036875654686e-05 -1.562256390075234e-05 0   -3.249063424068822e-06 -3.079771132176315e-05 0  
15 231134  2.199999999999999 -4.05 0  7.199999999999999 0 0   1.894853000548044e-05 -1.527380245917517e-05 0   -3.660639190383567e-06 -3.152831433823281e-05 0  
15 235363  2.3 -4.05 0  7.3 0 0   1.942890651446955e-05 -1.48793230685014e-05 0   -4.133507154992395e-06 -3.24232600791975e-05 0  
15 248616  2.4 -4.05 0  7.4 0 0   1.980064194642348e-05 -1.459916048862295e-05 0   -4.402618954740898e-06 -3.301046628435529e-05 0  
15 222185  2.5 -4.05 0  7.5 0 0   2.070595606235189e-05 -1.417401508556695e-05 0   -5.032251076424275e-06 -3.402641497568049e-05 0  
15 235089  2.6 -4.05 0  7.6 0 0   2.106481727525908e-05 -1.383082381371803e-05 0   -5.263224713737778e-06 -3.482444130248905e-05 0  
15 213736  2.7 -4.05 0  7.7 0 0   2.164483293447261e-05 -1.376019453953881e-05 0   -5.428517316954495e-06 -3.562977228226821e-05 0  
15 222309  2.800000000000001 -4.05 0  7.800000000000001 0 0   2.216475910425675e-05 -1.350708134103054e-05 0   -5.727659891948018e-06 -3.633793408151396e-05 0  
15 244120  2.9 -4.05 0  7.9 0 0   2.28686412017641e-05 -1.266147152846619e-05 0   -6.373703205317816e-06 -3.801894227721926e-05 0  
15 238606  3 -4.05 0  8 0 0   2.362465634675806e-05 -1.256650933756029e-05 0   -6.638749110798349e-06 -3.890027794588085e-05 0  
15 216237  3.100000000000001 -4.05 0  8.100000000000001 0 0   2.441756342702606e-05 -1.156080071934747e-05 0   -7.21115899022292e-06 -4.060590126402823e-05 0  
15 233201  3.199999999999999 -4.05 0  8.199999999999999 0 0   2.503425342834705e-05 -1.134454066091181e-05 0   -7.392194148004476e-06 -4.124120393251152e-05 0  
15 236563  3.299999999999999 -4.05 0  8.299999999999999 0 0   2.545331623354796e-05 -1.065870785345313e-05 0   -7.422848447940361e-06 -4.337607799322291e-05 0  
15 246748  3.4 -4.05 0  8.4 0 0   2.674138818317684e-05 -9.949983108780563e-06 0   -8.449160268085044e-06 -4.531250375364214e-05 0  
15 249511  3.5 -4.05 0  8.5 0 0   2.741149825366551e-05 -9.735903807709528e-06 0   -8.469477767244159e-06 -4.599396415914687e-05 0  
15 238442  3.6 -4.05 0  8.6 0 0   2.782816718749012e-05 -8.728038648656705e-06 0   -8.39605899950269e-06 -4.881493601785079e-05 0  
15 225905  3.699999999999999 -4.05 0  8.699999999999999 0 0   2.934141449755304e-05 -7.814978039550474e-06 0   -9.075687746119051e-06 -5.102519012343621e-05 0  
15 211494  3.800000000000001 -4.05 0  8.800000000000001 0 0   2.983477399502547e-05 -7.063677845987534e-06 0   -9.275013378217149e-06 -5.347568613965018e-05 0  
15 223442  3.9 -4.05 0  8.9 0 0   3.085743303791327e-05 -6.786931547830138e-06 0   -9.147658422006301e-06 -5.624398672033747e-05 0  
15 214131  4 -4.05 0  9 0 0   3.127755394072285e-05 -5.303724164218079e-06 0   -8.817025019089604e-06 -5.916900618092771e-05 0  
15 250568  4.1 -4.05 0  9.1 0 0   3.288265786351163e-05 -4.143281475313398e-06 0   -9.682260342525322e-06 -6.381540098028722e-05 0  
15 228477  4.200000000000001 -4.05 0  9.200000000000001 0 0   3.461018870263839e-05 -3.147085979170183e-06 0   -9.307553047378249e-06 -6.706893222251358e-05 0  
15 211356  4.300000000000001 -4.05 0  9.300000000000001 0 0   3.607308391638357e-05 -1.491432438726487e-06 0   -1.053523620187457e-05 -7.318705883862641e-05 0  
15 242873  4.399999999999999 -4.05 0  9.399999999999999 0 0   3.668963640458649e-05 -2.769633139984573e-07 0   -1.020219969069579e-05 -7.928597101926728e-05 0  
15 223149  4.5 -4.05 0  9.5 0 0   3.777997538547719e-05 1.135860024283758e-06 0   -8.965803171633469e-06 -8.556361733585678e-05 0  
15 234021  4.6 -4.05 0  9.6 0 0   4.029319014278243e-05 1.943028161560667e-06 0   -6.781970211187406e-06 -9.306188898663536e-05 0  
15 231406  4.699999999999999 -4.05 0  9.699999999999999 0 0   4.185462507840139e-05 4.182785463376776e-06 0   -8.355340360262148e-06 -0.0001132523367648442 0  
15 222261  4.800000000000001 -4.05 0  9.800000000000001 0 0   4.687462246162621e-05 4.529285663704141e-06 0   3.298326631068162e-06 -0.0001318018782910544 0  
15 214473  4.9 -4.05 0  9.9 0 0   4.941798514433021e-05 -3.257017007901597e-07 0   1.26301681211726e-05 -0.000175549014878739 0  
15 226848  5 -4.05 0  10 0 0   0.0001001870938847627 3.575872628880372e-05 0   0.0001503107416158701 -0.0001836031637402116 0  
