15 404830  -4 -4.05 0  0 0 0   -5.463870571185622e-05 2.569378226464913e-06 0   4.363422114948834e-05 -0.0002712097459393048 0  
15 447268  -3.92 -4.05 0  0.08 0 0   -6.217454670105283e-05 -3.94225968577645e-05 0   0.0001328233367461863 -0.0001913598240262443 0  
15 406317  -3.84 -4.05 0  0.16 0 0   -5.049392315011015e-05 -6.293200395497776e-05 0   0.000157196010042702 -0.0001455392288222642 0  
15 433128  -3.76 -4.05 0  0.24 0 0   -2.870174653862466e-05 -5.903984742872961e-05 0   0.0001345886941279267 -0.0001078248807036639 0  
15 422925  -3.68 -4.05 0  0.32 0 0   -1.450584849622483e-05 -6.309495373243296e-05 0   0.0001311350543407057 -7.367504715904191e-05 0  
15 430128  -3.6 -4.05 0  0.4 0 0   -9.982658758007535e-06 -5.7429883053984e-05 0   0.0001197629144797085 -5.085712170121298e-05 0  
15 428453  -3.52 -4.05 0  0.48 0 0   7.603990908678152e-08 -5.59209596370546e-05 0   0.0001073389467488653 -4.218784229551064e-05 0  
15 429989  -3.44 -4.05 0  0.5600000000000001 0 0   5.121943636097939e-06 -5.415851823050962e-05 0   0.0001090985863027786 -3.185429361208213e-05 0  
15 447983  -3.36 -4.05 0  0.64 0 0   8.468458614699793e-06 -4.856386223619146e-05 0   8.952121978105746e-05 -1.911329752384699e-05 0  
15 432462  -3.28 -4.05 0  0.72 0 0   1.228486655185582e-05 -4.689223240619562e-05 0   8.767190294262862e-05 -1.533788705399171e-05 0  
15 403281  -3.2 -4.05 0  0.8 0 0   1.583684171383836e-05 -4.071124791068484e-05 0   7.752137537678141e-05 -6.651254926085979e-06 0  
15 430623  -3.12 -4.05 0  0.88 0 0   1.624247315628919e-05 -3.908560064592569e-05 0   7.075953193524573e-05 -4.187923419544937e-06 0  
15 422798  -3.04 -4.05 0  0.96 0 0   1.726175107084373e-05 -3.526043083360757e-05 0   6.667521305910203e-05 -1.184431561981024e-06 0  
15 443352  -2.96 -4.05 0  1.04 0 0   1.669958676798295e-05 -3.382380036160695e-05 0   5.878798223880877e-05 -4.477603760839194e-07 0  
15 424769  -2.88 -4.05 0  1.12 0 0   1.756601957578674e-05 -3.159433425894802e-05 0   5.442295926401039e-05 3.726324687554523e-06 0  
15 430558  -2.8 -4.05 0  1.2 0 0   1.698525886053692e-05 -2.884725791568645e-05 0   4.982561668258334e-05 4.789322450585165e-06 0  
15 424898  -2.72 -4.05 0  1.28 0 0   1.821638117986625e-05 -2.761595333695618e-05 0   4.721218751637876e-05 5.277788979428377e-06 0  
15 451519  -2.64 -4.05 0  1.36 0 0   1.800934269995547e-05 -2.51290870382807e-05 0   4.171349402295804e-05 6.837065538410625e-06 0  
15 414150  -2.56 -4.05 0  1.44 0 0   1.752516103728811e-05 -2.341962617375196e-05 0   3.898017014647773e-05 7.458981560111953e-06 0  
15 422778  -2.48 -4.05 0  1.52 0 0   1.755661260328034e-05 -2.299317922027644e-05 0   3.626095544673929e-05 7.529521769016057e-06 0  
15 442248  -2.4 -4.05 0  1.6 0 0   1.726782233747119e-05 -2.106576372302689e-05 0   3.218668780933338e-05 8.817118815846858e-06 0  
15 413843  -2.32 -4.05 0  1.68 0 0   1.655465563236278e-05 -2.046635900543586e-05 0   3.056506159814209e-05 8.711930836061664e-06 0  
15 442162  -2.24 -4.05 0  1.76 0 0   1.606483260966447e-05 -1.993263969506066e-05 0   2.682126789343119e-05 8.742944877699037e-06 0  
15 427203  -2.16 -4.05 0  1.84 0 0   1.624502890452723e-05 -1.871444748465607e-05 0   2.415844184956717e-05 8.958546212973172e-06 0  
15 437062  -2.08 -4.05 0  1.92 0 0   1.585666734709266e-05 -1.841360980537644e-05 0   2.232035589265375e-05 9.185415952731556e-06 0  
15 417152  -2 -4.05 0  2 0 0   1.574353309926778e-05 -1.780938055059508e-05 0   2.052981957953882e-05 8.743635341927798e-06 0  
15 422473  -1.92 -4.05 0  2.08 0 0   1.51236046752455e-05 -1.695111447264303e-05 0   1.85734525269497e-05 8.526996455702693e-06 0  
15 406047  -1.84 -4.05 0  2.16 0 0   1.52211168018264e-05 -1.653575745252239e-05 0   1.638614347133222e-05 8.814493049604834e-06 0  
15 436989  -1.76 -4.05 0  2.24 0 0   1.498844433126738e-05 -1.631913087028151e-05 0   1.469628309038276e-05 8.782759859151008e-06 0  
15 409339  -1.68 -4.05 0  2.32 0 0   1.470217379179401e-05 -1.572721007377705e-05 0   1.293127958131718e-05 9.406106772339232e-06 0  
15 442609  -1.6 -4.05 0  2.4 0 0   1.443688412898806e-05 -1.541745251388638e-05 0   1.179144310377624e-05 8.113663272145237e-06 0  
15 430345  -1.52 -4.05 0  2.48 0 0   1.426778223712066e-05 -1.524133761021283e-05 0   9.885924027259498e-06 8.092260517711478e-06 0  
15 404048  -1.44 -4.05 0  2.56 0 0   1.422374679917074e-05 -1.486324171363429e-05 0   7.747287291029296e-06 7.672884552714296e-06 0  
15 450042  -1.36 -4.05 0  2.64 0 0   1.400939746382503e-05 -1.451251092197871e-05 0   6.741187035338384e-06 7.444707559017133e-06 0  
15 446408  -1.28 -4.05 0  2.72 0 0   1.392371252982453e-05 -1.438776672316481e-05 0   5.756698977630106e-06 7.258716780128745e-06 0  
15 450348  -1.2 -4.05 0  2.8 0 0   1.383680383832027e-05 -1.409548117848854e-05 0   3.941798839053861e-06 6.923007807700492e-06 0  
15 426576  -1.12 -4.05 0  2.88 0 0   1.388546389358567e-05 -1.401431657612785e-05 0   2.761083056892686e-06 6.806244750569464e-06 0  
15 404796  -1.04 -4.05 0  2.96 0 0   1.387378238082437e-05 -1.377728798340836e-05 0   1.652062426881363e-06 6.230378646669005e-06 0  
15 411751  -0.96 -4.05 0  3.04 0 0   1.383040400698265e-05 -1.362633612324695e-05 0   8.710447263146105e-07 5.826975575252101e-06 0  
15 456698  -0.8799999999999999 -4.05 0  3.12 0 0   1.371142520566258e-05 -1.342361915391763e-05 0   -3.675207044617854e-07 5.532688672571159e-06 0  
15 425455  -0.7999999999999998 -4.05 0  3.2 0 0   1.374564892115456e-05 -1.325712796864482e-05 0   -1.581289019396588e-06 5.059594046810841e-06 0  
15 427978  -0.7200000000000002 -4.05 0  3.28 0 0   1.373530661913629e-05 -1.315875287104425e-05 0   -2.83847068418587e-06 5.293772813076518e-06 0  
15 439013  -0.6400000000000001 -4.05 0  3.36 0 0   1.367560885673054e-05 -1.300403027933118e-05 0   -3.59948191910528e-06 4.112531749876462e-06 0  
15 424864  -0.5600000000000001 -4.05 0  3.44 0 0   1.372634648520547e-05 -1.293229909678814e-05 0   -4.900603237667674e-06 3.767557448339232e-06 0  
15 416422  -0.48 -4.05 0  3.52 0 0   1.376628709833021e-05 -1.281816508252095e-05 0   -6.021797156495031e-06 3.436870572815984e-06 0  
15 427843  -0.3999999999999999 -4.05 0  3.6 0 0   1.374054418528162e-05 -1.26985339377007e-05 0   -6.518540124765288e-06 2.860126438728773e-06 0  
15 447488  -0.3199999999999998 -4.05 0  3.68 0 0   1.378330882643086e-05 -1.264809030429321e-05 0   -7.293312620441916e-06 2.636978723280677e-06 0  
15 405014  -0.2400000000000002 -4.05 0  3.76 0 0   1.387643522614613e-05 -1.255106338446605e-05 0   -8.575906581925936e-06 1.948483026580419e-06 0  
15 442585  -0.1600000000000001 -4.05 0  3.84 0 0   1.388887029296106e-05 -1.245382690375288e-05 0   -9.087933035485749e-06 1.413640504144102e-06 0  
15 454141  -0.08000000000000007 -4.05 0  3.92 0 0   1.392335967928537e-05 -1.24093747790226e-05 0   -9.582317156526902e-06 1.073462454332513e-06 0  
15 448909  0 -4.05 0  4 0 0   1.400873284596038e-05 -1.231868202735461e-05 0   -1.05936995449616e-05 1.731782588057062e-07 0  
15 440450  0.08000000000000007 -4.05 0  4.08 0 0   1.41164133280287e-05 -1.229310939102101e-05 0   -1.16960573905223e-05 -8.072273370574035e-08 0  
15 420332  0.1600000000000001 -4.05 0  4.16 0 0   1.411559478241658e-05 -1.226790040570209e-05 0   -1.168479848307296e-05 -4.274665542820799e-07 0  
15 435793  0.2400000000000002 -4.05 0  4.24 0 0   1.42755739879841e-05 -1.222885978765425e-05 0   -1.32171422161818e-05 -1.158235894767497e-06 0  
15 424680  0.3200000000000003 -4.05 0  4.32 0 0   1.434642823855268e-05 -1.222986311492664e-05 0   -1.362981908303195e-05 -1.305305585719112e-06 0  
15 427337  0.4000000000000004 -4.05 0  4.4 0 0   1.442164539170549e-05 -1.220933761840719e-05 0   -1.423249050109664e-05 -2.043999013372211e-06 0  
15 450514  0.4800000000000004 -4.05 0  4.48 0 0   1.454738969898506e-05 -1.220280058028675e-05 0   -1.474937409750524e-05 -2.358856440275083e-06 0  
15 441399  0.5599999999999996 -4.05 0  4.56 0 0   1.466535454177774e-05 -1.222330775586724e-05 0   -1.568948806593526e-05 -3.052500667015574e-06 0  
15 420150  0.6399999999999997 -4.05 0  4.64 0 0   1.4767430806026e-05 -1.227368360709555e-05 0   -1.608407961293341e-05 -3.570251154819647e-06 0  
15 430053  0.7199999999999998 -4.05 0  4.72 0 0   1.486714723027442e-05 -1.226974987076496e-05 0   -1.668592087206676e-05 -3.830914544706264e-06 0  
15 403889  0.7999999999999998 -4.05 0  4.8 0 0   1.507664206321178e-05 -1.239427213792457e-05 0   -1.717363205390714e-05 -4.338699096738966e-06 0  
15 438906  0.8799999999999999 -4.05 0  4.88 0 0   1.519571602352852e-05 -1.242967113477492e-05 0   -1.760430575117444e-05 -4.814725628596826e-06 0  
15 419917  0.96 -4.05 0  4.96 0 0   1.532858766346325e-05 -1.246464929728717e-05 0   -1.855579508395046e-05 -5.168629788384477e-06 0  
15 418360  1.04 -4.05 0  5.04 0 0   1.575436174106829e-05 -1.262105516431798e-05 0   -1.954817961750607e-05 -5.771424826973848e-06 0  
15 438879  1.12 -4.05 0  5.12 0 0   1.575307446504587e-05 -1.27051223260807e-05 0   -1.95541396028513e-05 -6.16064908286109e-06 0  
15 438196  1.2 -4.05 0  5.2 0 0   1.606774454873932e-05 -1.279068618305172e-05 0   -2.027439515001582e-05 -6.438018913512353e-06 0  
15 447295  1.28 -4.05 0  5.28 0 0   1.64173010571032e-05 -1.3020008846529e-05 0   -2.121367600204684e-05 -7.088898401740599e-06 0  
15 450041  1.36 -4.05 0  5.36 0 0   1.661699100927259e-05 -1.311794170976138e-05 0   -2.180897485113548e-05 -7.298767461577996e-06 0  
15 404047  1.44 -4.05 0  5.44 0 0   1.676895407838087e-05 -1.333928852887073e-05 0   -2.266638069766541e-05 -7.956587411673058e-06 0  
15 430344  1.52 -4.05 0  5.52 0 0   1.731970114566737e-05 -1.364889966571237e-05 0   -2.356565527421957e-05 -8.481839723543591e-06 0  
15 442608  1.6 -4.05 0  5.6 0 0   1.778433317981692e-05 -1.375454049793888e-05 0   -2.462002567027704e-05 -8.75862815221274e-06 0  
15 409338  1.68 -4.05 0  5.68 0 0   1.798227723954658e-05 -1.433870007931702e-05 0   -2.548958450915902e-05 -8.657476843352586e-06 0  
15 436988  1.76 -4.05 0  5.76 0 0   1.838772693260647e-05 -1.451824361839178e-05 0   -2.664349495926392e-05 -9.736365385480759e-06 0  
15 406046  1.84 -4.05 0  5.84 0 0   1.880919897448386e-05 -1.466925470986185e-05 0   -2.766803573838817e-05 -9.988163584807863e-06 0  
15 422472  1.92 -4.05 0  5.92 0 0   1.968517692431393e-05 -1.484005603090942e-05 0   -2.858463011022952e-05 -1.060387373774977e-05 0  
15 417151  2 -4.05 0  6 0 0   2.001531430427484e-05 -1.550066465891026e-05 0   -3.017162847899655e-05 -1.139475098934587e-05 0  
15 437061  2.08 -4.05 0  6.08 0 0   2.065050970107701e-05 -1.611193687203489e-05 0   -3.121405122238734e-05 -1.174388658968951e-05 0  
15 427202  2.16 -4.05 0  6.16 0 0   2.114921519470953e-05 -1.623052789805068e-05 0   -3.253648724371987e-05 -1.213840816015679e-05 0  
15 442161  2.24 -4.05 0  6.24 0 0   2.243312929435573e-05 -1.700636957779802e-05 0   -3.382324633026389e-05 -1.328919385764921e-05 0  
15 413842  2.32 -4.05 0  6.32 0 0   2.377507412410114e-05 -1.73897801906478e-05 0   -3.638280036185725e-05 -1.373796948781272e-05 0  
15 442247  2.4 -4.05 0  6.4 0 0   2.401771460090523e-05 -1.788684095513273e-05 0   -3.787751373473874e-05 -1.415229988802318e-05 0  
15 422777  2.48 -4.05 0  6.48 0 0   2.575545201446744e-05 -1.869573881981782e-05 0   -4.057589956233624e-05 -1.634619661395557e-05 0  
15 414149  2.56 -4.05 0  6.56 0 0   2.713589207941995e-05 -1.897809907326024e-05 0   -4.225122991686017e-05 -1.670202885240522e-05 0  
15 451518  2.64 -4.05 0  6.64 0 0   2.814056075192304e-05 -1.993830636335715e-05 0   -4.433399280689195e-05 -1.829104697551303e-05 0  
15 424897  2.72 -4.05 0  6.72 0 0   3.082676078073644e-05 -2.101019920630132e-05 0   -4.808390966649272e-05 -2.099764832113942e-05 0  
15 430557  2.8 -4.05 0  6.8 0 0   3.313969197403857e-05 -2.167704575452723e-05 0   -4.902582744137829e-05 -2.214217887705396e-05 0  
15 424768  2.88 -4.05 0  6.88 0 0   3.515286462219946e-05 -2.3186989265869e-05 0   -5.25454652422425e-05 -2.465147408526594e-05 0  
15 443351  2.96 -4.05 0  6.96 0 0   3.817587158777829e-05 -2.260621027391167e-05 0   -5.501830306899513e-05 -2.899983626704437e-05 0  
15 422797  3.04 -4.05 0  7.04 0 0   4.207801564775498e-05 -2.328584755799824e-05 0   -6.094868056703742e-05 -3.043921184280127e-05 0  
15 430622  3.12 -4.05 0  7.12 0 0   4.511932204387392e-05 -2.452398362142848e-05 0   -6.322852763340119e-05 -3.500929422551235e-05 0  
15 403280  3.2 -4.05 0  7.2 0 0   4.919511466183182e-05 -2.438637830844614e-05 0   -6.786766635395692e-05 -3.781812903776811e-05 0  
15 432463  3.28 -4.05 0  7.28 0 0   5.763619336165288e-05 -2.420971367163294e-05 0   -7.310335396312284e-05 -4.805282451520116e-05 0  
15 447982  3.36 -4.05 0  7.36 0 0   6.158828186752976e-05 -2.334604381740504e-05 0   -7.210325263107341e-05 -5.189890546585234e-05 0  
15 429988  3.44 -4.05 0  7.44 0 0   7.525852585318297e-05 -2.03945291619035e-05 0   -8.472079606936357e-05 -6.492083089809555e-05 0  
15 428454  3.52 -4.05 0  7.52 0 0   7.811932535686913e-05 -1.587126135220527e-05 0   -8.028772981470342e-05 -7.385086028130483e-05 0  
15 430127  3.6 -4.05 0  7.6 0 0   9.287673523518739e-05 -1.210483335570972e-05 0   -8.358407512119685e-05 -8.139905687694566e-05 0  
15 422924  3.68 -4.05 0  7.68 0 0   0.0001027719065068442 -3.531853291349231e-06 0   -8.957654766014907e-05 -0.0001024216950075703 0  
15 433129  3.76 -4.05 0  7.76 0 0   0.0001155673172436181 1.866269564249935e-05 0   -8.363862986282122e-05 -0.0001265706106425785 0  
15 406318  3.84 -4.05 0  7.84 0 0   0.0001445411223350958 3.65802826720954e-05 0   -8.837300331808419e-05 -0.0001584525276439627 0  
15 447263  3.92 -4.05 0  7.92 0 0   0.0001404997129559266 7.88217867424318e-05 0   -6.201906757434799e-05 -0.0001810005337032584 0  
15 404828  4 -4.05 0  8 0 0   9.218468097514643e-05 0.0001547384136334623 0   6.741388056182018e-06 -0.0002196906559548892 0  
