15 537807  -2 -4.05 0  0 0 0   8.612564127545574e-05 8.149342289071049e-05 0   -9.243243801281085e-05 -0.0001843399163659019 0  
15 597696  -1.96 -4.05 0  0.04 0 0   4.148643537933358e-05 8.526276153238317e-05 0   -4.70354884265522e-05 -0.0001892422937068953 0  
15 572364  -1.92 -4.05 0  0.08 0 0   1.047439513543816e-05 6.675975721627189e-05 0   -1.400187334612917e-05 -0.000170587186212095 0  
15 555625  -1.88 -4.05 0  0.12 0 0   1.523835441773723e-06 6.260599135218987e-05 0   -3.50757976043735e-06 -0.0001663838622461479 0  
15 562107  -1.84 -4.05 0  0.16 0 0   -3.022060849332611e-06 4.485544387640081e-05 0   2.239594487762583e-06 -0.0001475118059210161 0  
15 551954  -1.8 -4.05 0  0.2 0 0   -7.75670751955275e-06 4.000780689475923e-05 0   8.766024086104507e-06 -0.0001422198162112517 0  
15 553042  -1.76 -4.05 0  0.24 0 0   -8.924599657039733e-06 3.14613476246773e-05 0   1.136406366303636e-05 -0.0001326132072221367 0  
15 592579  -1.72 -4.05 0  0.28 0 0   -9.664587965754583e-06 2.621497676302646e-05 0   1.312196408980092e-05 -0.0001265291706359593 0  
15 558482  -1.68 -4.05 0  0.32 0 0   -1.006141807792515e-05 2.069404457678836e-05 0   1.414046667816575e-05 -0.0001203994340508839 0  
15 576919  -1.64 -4.05 0  0.36 0 0   -9.307717666792378e-06 1.808849650044436e-05 0   1.439590688744638e-05 -0.0001163863043672527 0  
15 579748  -1.6 -4.05 0  0.4 0 0   -9.594030075344914e-06 1.567175764121288e-05 0   1.566051488337511e-05 -0.0001138187507010979 0  
15 576128  -1.56 -4.05 0  0.44 0 0   -8.601886765343889e-06 1.178077430585931e-05 0   1.496491517489888e-05 -0.0001086527351327132 0  
15 586613  -1.52 -4.05 0  0.48 0 0   -8.317222862153952e-06 1.001618053464784e-05 0   1.550249822786232e-05 -0.0001058977563553329 0  
15 569185  -1.48 -4.05 0  0.52 0 0   -8.372229199799311e-06 8.327941096091494e-06 0   1.60949601998204e-05 -0.0001039185172833668 0  
15 541885  -1.44 -4.05 0  0.5600000000000001 0 0   -7.683329055010318e-06 6.333311413754018e-06 0   1.60239855968706e-05 -0.0001010710340461217 0  
15 573019  -1.4 -4.05 0  0.6 0 0   -7.399121547541077e-06 4.229656402882261e-06 0   1.665792555059688e-05 -9.831851291920604e-05 0  
15 538234  -1.36 -4.05 0  0.64 0 0   -7.057773994671723e-06 2.934654894806363e-06 0   1.708867952112921e-05 -9.603446772852431e-05 0  
15 535484  -1.32 -4.05 0  0.68 0 0   -6.28963879384728e-06 1.95990217557486e-06 0   1.698082528044662e-05 -9.456170981035975e-05 0  
15 590497  -1.28 -4.05 0  0.72 0 0   -5.585753234100535e-06 1.130532795925662e-06 0   1.647939408554384e-05 -9.318776352076766e-05 0  
15 564324  -1.24 -4.05 0  0.76 0 0   -5.549453899524395e-06 -2.191878550789105e-07 0   1.702971210561623e-05 -9.102878222907597e-05 0  
15 555472  -1.2 -4.05 0  0.8 0 0   -4.704100235336864e-06 -1.617571516460657e-06 0   1.651678812272057e-05 -8.909210823439262e-05 0  
15 536260  -1.16 -4.05 0  0.84 0 0   -4.274431050554917e-06 -2.184243498287199e-06 0   1.657592645333203e-05 -8.814124482353451e-05 0  
15 548980  -1.12 -4.05 0  0.88 0 0   -4.018683887121142e-06 -3.164570233065572e-06 0   1.660868463133555e-05 -8.648732073370815e-05 0  
15 550413  -1.08 -4.05 0  0.92 0 0   -3.297879245594063e-06 -3.979299993247566e-06 0   1.667827848883725e-05 -8.497282629158377e-05 0  
15 560172  -1.04 -4.05 0  0.96 0 0   -3.281390282165036e-06 -4.790980290323484e-06 0   1.727514549129108e-05 -8.338047329649345e-05 0  
15 592504  -1 -4.05 0  1 0 0   -2.89630270425105e-06 -5.114074149792716e-06 0   1.714953458181344e-05 -8.289124983973254e-05 0  
15 570279  -0.96 -4.05 0  1.04 0 0   -2.20363766165188e-06 -5.946740225585851e-06 0   1.662224059096381e-05 -8.152140204246104e-05 0  
15 546366  -0.9199999999999999 -4.05 0  1.08 0 0   -1.812827643600263e-06 -6.487798934260228e-06 0   1.660651276632241e-05 -8.052725243473842e-05 0  
15 541417  -0.8799999999999999 -4.05 0  1.12 0 0   -1.518698188823211e-06 -7.254079657462859e-06 0   1.67306741343674e-05 -7.890308119766053e-05 0  
15 549346  -0.8400000000000001 -4.05 0  1.16 0 0   -1.022898641397235e-06 -7.496398003447105e-06 0   1.676224889589654e-05 -7.840855911551417e-05 0  
15 559586  -0.8 -4.05 0  1.2 0 0   -4.517066309397966e-07 -8.108757901112255e-06 0   1.636039512081366e-05 -7.729419070067714e-05 0  
15 541581  -0.76 -4.05 0  1.24 0 0   -2.273176082545798e-07 -8.5888733544464e-06 0   1.635494347537693e-05 -7.64044936481462e-05 0  
15 545127  -0.72 -4.05 0  1.28 0 0   5.826092312755105e-08 -8.818723286458351e-06 0   1.625404614580619e-05 -7.566649726134067e-05 0  
15 535532  -0.6799999999999999 -4.05 0  1.32 0 0   6.765308223181943e-07 -9.170698845454781e-06 0   1.603891826302021e-05 -7.451702903326545e-05 0  
15 572835  -0.6399999999999999 -4.05 0  1.36 0 0   1.03599738636613e-06 -9.746871757909496e-06 0   1.598591671643501e-05 -7.372889888220035e-05 0  
15 547642  -0.6000000000000001 -4.05 0  1.4 0 0   1.579118794989287e-06 -9.973610928837393e-06 0   1.569191165065771e-05 -7.322009097453187e-05 0  
15 546748  -0.5600000000000001 -4.05 0  1.44 0 0   1.749739993485433e-06 -1.022683490176785e-05 0   1.569828410096039e-05 -7.248462404461963e-05 0  
15 548027  -0.52 -4.05 0  1.48 0 0   2.24645043505993e-06 -1.038747694159445e-05 0   1.562828320665014e-05 -7.210203258181365e-05 0  
15 556219  -0.48 -4.05 0  1.52 0 0   2.643489519266358e-06 -1.069960067273668e-05 0   1.556342810137869e-05 -7.123379015314645e-05 0  
15 587595  -0.4399999999999999 -4.05 0  1.56 0 0   3.01611730798429e-06 -1.105518056328941e-05 0   1.523209236753507e-05 -7.046752990622508e-05 0  
15 561883  -0.3999999999999999 -4.05 0  1.6 0 0   3.156547744657609e-06 -1.132414944040282e-05 0   1.534468014550636e-05 -7.00543516900581e-05 0  
15 546934  -0.3600000000000001 -4.05 0  1.64 0 0   3.64010990748509e-06 -1.149974395155649e-05 0   1.52444149200525e-05 -6.963958985808016e-05 0  
15 565157  -0.3200000000000001 -4.05 0  1.68 0 0   4.106690328607027e-06 -1.189376637322683e-05 0   1.493505162908446e-05 -6.898840397308315e-05 0  
15 558353  -0.28 -4.05 0  1.72 0 0   4.424543266824156e-06 -1.194417177111454e-05 0   1.487546599988204e-05 -6.85681613441123e-05 0  
15 545956  -0.24 -4.05 0  1.76 0 0   4.922580991955153e-06 -1.225490869936896e-05 0   1.457737057906135e-05 -6.805166782526597e-05 0  
15 545128  -0.2 -4.05 0  1.8 0 0   5.260054448215021e-06 -1.221485039074478e-05 0   1.430496153961239e-05 -6.778505103564392e-05 0  
15 579503  -0.1599999999999999 -4.05 0  1.84 0 0   5.565341537376416e-06 -1.239754446996644e-05 0   1.420490489120784e-05 -6.719883054950946e-05 0  
15 535541  -0.1200000000000001 -4.05 0  1.88 0 0   6.008436998485196e-06 -1.288177821916724e-05 0   1.393273164416683e-05 -6.657652037868507e-05 0  
15 539326  -0.08000000000000007 -4.05 0  1.92 0 0   6.245602325189933e-06 -1.289015163940394e-05 0   1.380538837098856e-05 -6.629647465382707e-05 0  
15 572040  -0.04000000000000004 -4.05 0  1.96 0 0   6.64525790460696e-06 -1.296531155384022e-05 0   1.369612892913614e-05 -6.611406345776415e-05 0  
15 542376  0 -4.05 0  2 0 0   7.027080016985821e-06 -1.327420942876748e-05 0   1.342438840913444e-05 -6.56953667098276e-05 0  
15 548303  0.04000000000000004 -4.05 0  2.04 0 0   7.251504717540116e-06 -1.344142917855153e-05 0   1.340081412788598e-05 -6.529129913972198e-05 0  
15 586375  0.08000000000000007 -4.05 0  2.08 0 0   7.662881275819974e-06 -1.351362142153201e-05 0   1.316817627533464e-05 -6.517060898674366e-05 0  
15 569305  0.1200000000000001 -4.05 0  2.12 0 0   7.89101234447212e-06 -1.361923672587011e-05 0   1.297601108754803e-05 -6.48588238496106e-05 0  
15 535036  0.1600000000000001 -4.05 0  2.16 0 0   8.385295358774407e-06 -1.372393891117558e-05 0   1.26308965622355e-05 -6.46901425618053e-05 0  
15 569799  0.2000000000000002 -4.05 0  2.2 0 0   8.832046835960741e-06 -1.385630228243132e-05 0   1.244263526075252e-05 -6.444108607384438e-05 0  
15 540594  0.2400000000000002 -4.05 0  2.24 0 0   9.032136716323122e-06 -1.386270371713655e-05 0   1.232697719692755e-05 -6.431818091703467e-05 0  
15 579695  0.2799999999999998 -4.05 0  2.28 0 0   9.332644379579126e-06 -1.419517056464904e-05 0   1.213182295613799e-05 -6.399519361695305e-05 0  
15 547058  0.3199999999999998 -4.05 0  2.32 0 0   9.700150549860412e-06 -1.410710711348406e-05 0   1.190180155233918e-05 -6.398278780466241e-05 0  
15 573730  0.3599999999999999 -4.05 0  2.36 0 0   9.928616430435536e-06 -1.429513070675412e-05 0   1.177191734378757e-05 -6.382771509107514e-05 0  
15 563113  0.3999999999999999 -4.05 0  2.4 0 0   1.035845287031788e-05 -1.456332531408252e-05 0   1.150170443210956e-05 -6.361808443303097e-05 0  
15 566278  0.4399999999999999 -4.05 0  2.44 0 0   1.083630566222314e-05 -1.453768017981299e-05 0   1.119096826355734e-05 -6.363597143504845e-05 0  
15 556620  0.48 -4.05 0  2.48 0 0   1.123100926405177e-05 -1.46007289478535e-05 0   1.094465466518896e-05 -6.36044771393264e-05 0  
15 556027  0.52 -4.05 0  2.52 0 0   1.148501997867354e-05 -1.470272688686158e-05 0   1.077027427334645e-05 -6.359437121675453e-05 0  
15 585356  0.5600000000000001 -4.05 0  2.56 0 0   1.190422207407969e-05 -1.498486183400087e-05 0   1.049015673326367e-05 -6.346198351245193e-05 0  
15 549391  0.6000000000000001 -4.05 0  2.6 0 0   1.236966126085502e-05 -1.503364864318367e-05 0   1.021486466262073e-05 -6.354337892519428e-05 0  
15 552778  0.6400000000000001 -4.05 0  2.64 0 0   1.26421810839987e-05 -1.495270434541656e-05 0   1.007207726023886e-05 -6.36617941818054e-05 0  
15 548413  0.6800000000000002 -4.05 0  2.68 0 0   1.295829992472089e-05 -1.521531380301039e-05 0   9.77698072038985e-06 -6.373834242901232e-05 0  
15 573341  0.7200000000000002 -4.05 0  2.72 0 0   1.324415160491865e-05 -1.527829223122237e-05 0   9.593013890567097e-06 -6.380199146210561e-05 0  
15 556991  0.7599999999999998 -4.05 0  2.76 0 0   1.372665517299955e-05 -1.550461929340601e-05 0   9.317664522186415e-06 -6.385914202273113e-05 0  
15 563714  0.7999999999999998 -4.05 0  2.8 0 0   1.414751672290226e-05 -1.564694559350044e-05 0   8.962942904314902e-06 -6.409593379250438e-05 0  
15 540610  0.8399999999999999 -4.05 0  2.84 0 0   1.442208327031083e-05 -1.568210549482245e-05 0   8.80743241261743e-06 -6.433757723215729e-05 0  
15 544165  0.8799999999999999 -4.05 0  2.88 0 0   1.463459919994956e-05 -1.591334492051944e-05 0   8.662309386781378e-06 -6.453208462649002e-05 0  
15 547412  0.9199999999999999 -4.05 0  2.92 0 0   1.515867253313284e-05 -1.599601904417672e-05 0   8.344019557297161e-06 -6.47011836888093e-05 0  
15 574117  0.96 -4.05 0  2.96 0 0   1.558690415546116e-05 -1.643897475244079e-05 0   8.157995650053679e-06 -6.502152501037042e-05 0  
15 592492  1 -4.05 0  3 0 0   1.589382091847329e-05 -1.656763667577904e-05 0   7.790679160003117e-06 -6.546828305899676e-05 0  
15 560152  1.04 -4.05 0  3.04 0 0   1.618350772036609e-05 -1.659450403629359e-05 0   7.556099306507604e-06 -6.565409170574722e-05 0  
15 550388  1.08 -4.05 0  3.08 0 0   1.663114143951724e-05 -1.695508231023928e-05 0   7.545318996675723e-06 -6.611985152970949e-05 0  
15 548960  1.12 -4.05 0  3.12 0 0   1.738356434256676e-05 -1.728894745289681e-05 0   7.14075197246096e-06 -6.660514495804943e-05 0  
15 536245  1.16 -4.05 0  3.16 0 0   1.765850830468246e-05 -1.760412989951655e-05 0   6.999574719203372e-06 -6.719968460078187e-05 0  
15 555448  1.2 -4.05 0  3.2 0 0   1.811496389299803e-05 -1.780060951853905e-05 0   6.761119157277021e-06 -6.754874309819079e-05 0  
15 564295  1.24 -4.05 0  3.24 0 0   1.850420149427778e-05 -1.801520639889767e-05 0   6.268052277165481e-06 -6.840577502976314e-05 0  
15 590483  1.28 -4.05 0  3.28 0 0   1.898412373131479e-05 -1.851636979046008e-05 0   6.27094898311871e-06 -6.925446421723359e-05 0  
15 535476  1.32 -4.05 0  3.32 0 0   1.921819220988483e-05 -1.890070270286516e-05 0   5.853751100775434e-06 -6.978194045599139e-05 0  
15 538222  1.36 -4.05 0  3.36 0 0   1.981649620878562e-05 -1.92640562956441e-05 0   5.416328213337859e-06 -7.039726423118016e-05 0  
15 572995  1.4 -4.05 0  3.4 0 0   2.048858206208683e-05 -2.008111908887583e-05 0   5.242513208091396e-06 -7.123017750414965e-05 0  
15 541865  1.44 -4.05 0  3.44 0 0   2.132338956174588e-05 -2.068497967574415e-05 0   5.106004713437487e-06 -7.253907015677442e-05 0  
15 569163  1.48 -4.05 0  3.48 0 0   2.187542955923126e-05 -2.158270480591591e-05 0   4.706941509010666e-06 -7.378361438537505e-05 0  
15 586601  1.52 -4.05 0  3.52 0 0   2.241317616599823e-05 -2.199750012308287e-05 0   4.753233230270736e-06 -7.481836793882778e-05 0  
15 576114  1.56 -4.05 0  3.56 0 0   2.322515402907896e-05 -2.320624800079829e-05 0   4.592904456438195e-06 -7.590406501027831e-05 0  
15 579727  1.6 -4.05 0  3.6 0 0   2.336581181624207e-05 -2.521759666827481e-05 0   4.000581972667312e-06 -7.823777257157799e-05 0  
15 576902  1.64 -4.05 0  3.64 0 0   2.449467453396591e-05 -2.589886771759906e-05 0   4.159807471293062e-06 -7.967235467630507e-05 0  
15 558468  1.68 -4.05 0  3.68 0 0   2.54609682260893e-05 -2.821332337447913e-05 0   3.683272389348909e-06 -8.115176738138306e-05 0  
15 592568  1.72 -4.05 0  3.72 0 0   2.635066735686732e-05 -3.073268954103744e-05 0   3.873014478123285e-06 -8.429147174453169e-05 0  
15 553031  1.76 -4.05 0  3.76 0 0   2.79817178088556e-05 -3.382086986589497e-05 0   4.190725435138445e-06 -8.717557179942648e-05 0  
15 551942  1.8 -4.05 0  3.8 0 0   3.062924431710204e-05 -3.92543028453771e-05 0   4.602389204633184e-06 -9.169849403961247e-05 0  
15 562102  1.84 -4.05 0  3.84 0 0   3.6298186072415e-05 -4.246319863687254e-05 0   6.639071736522228e-06 -9.419400417104949e-05 0  
15 555618  1.88 -4.05 0  3.88 0 0   4.18464478684228e-05 -5.492429513541831e-05 0   8.418477059034257e-06 -0.0001030270178022478 0  
15 572358  1.92 -4.05 0  3.92 0 0   5.242312793611419e-05 -5.764504289573411e-05 0   1.18338593085856e-05 -0.0001051062454145539 0  
15 597695  1.96 -4.05 0  3.96 0 0   8.497485370544469e-05 -6.90117343305173e-05 0   2.429914759807805e-05 -0.0001144404771690997 0  
15 537808  2 -4.05 0  4 0 0   0.0001282382625022171 -5.305984683501297e-05 0   4.194851953423506e-05 -0.0001149416426294847 0  
