15 226847  -5 -4.05 0  0 0 0   -8.032634181145797e-05 -5.019601058149636e-05 0   -9.453082746525843e-05 -0.0002635622175556213 0  
15 214472  -4.9 -4.05 0  0.1 0 0   -1.64614695141352e-05 -6.972788915969802e-05 0   6.467691593555445e-05 -0.000222830626591698 0  
15 222260  -4.8 -4.05 0  0.2 0 0   -1.202130066936622e-05 -5.506041956492968e-05 0   7.555563973252709e-05 -0.0001593505639291446 0  
15 231405  -4.7 -4.05 0  0.3 0 0   -1.651761418758856e-06 -4.931635653843049e-05 0   8.057668520437735e-05 -0.0001303436911916072 0  
15 234020  -4.6 -4.05 0  0.4 0 0   -2.446371441065104e-07 -4.303065116409476e-05 0   7.405003315988021e-05 -9.707869698844223e-05 0  
15 223150  -4.5 -4.05 0  0.5 0 0   4.05742275917892e-06 -3.981645124726853e-05 0   6.957376075255716e-05 -8.603025776414072e-05 0  
15 242872  -4.4 -4.05 0  0.6 0 0   6.123381190078873e-06 -3.759781860139706e-05 0   6.769905475551875e-05 -7.532461420348829e-05 0  
15 211357  -4.3 -4.05 0  0.7000000000000001 0 0   7.071588092761542e-06 -3.484078898729386e-05 0   6.618329891714238e-05 -6.600783786433854e-05 0  
15 228476  -4.2 -4.05 0  0.8 0 0   7.716264216101748e-06 -3.217963224421598e-05 0   6.096924834812344e-05 -5.601884535401218e-05 0  
15 250569  -4.1 -4.05 0  0.8999999999999999 0 0   9.575038995623844e-06 -3.067894955305177e-05 0   5.652758742939008e-05 -5.070376007272268e-05 0  
15 214132  -4 -4.05 0  1 0 0   1.020442581546209e-05 -2.810483305919643e-05 0   5.163411924037262e-05 -4.419117683771533e-05 0  
15 223441  -3.9 -4.05 0  1.1 0 0   1.076915453310061e-05 -2.693358527348661e-05 0   5.075651202991489e-05 -3.834542020813691e-05 0  
15 211493  -3.8 -4.05 0  1.2 0 0   1.158048637717743e-05 -2.490945028207642e-05 0   4.818445220443768e-05 -3.594622366591849e-05 0  
15 225906  -3.7 -4.05 0  1.3 0 0   1.174570933762126e-05 -2.341990055726309e-05 0   4.679666397430218e-05 -3.264296160627924e-05 0  
15 238443  -3.6 -4.05 0  1.4 0 0   1.208592756938226e-05 -2.216685055776539e-05 0   4.265001553322638e-05 -2.919422823812259e-05 0  
15 249510  -3.5 -4.05 0  1.5 0 0   1.237262686580153e-05 -2.038959038085401e-05 0   4.165515534790189e-05 -2.538004344896511e-05 0  
15 246749  -3.4 -4.05 0  1.6 0 0   1.269755563244965e-05 -1.993539659942301e-05 0   4.000579680859227e-05 -2.456113143002245e-05 0  
15 236564  -3.3 -4.05 0  1.7 0 0   1.244288017122821e-05 -1.866673079304031e-05 0   3.650162815225936e-05 -2.205948553509439e-05 0  
15 233200  -3.2 -4.05 0  1.8 0 0   1.259547398140643e-05 -1.719014885779137e-05 0   3.550323877155124e-05 -1.965149665526193e-05 0  
15 216236  -3.1 -4.05 0  1.9 0 0   1.269184685769508e-05 -1.675016755863304e-05 0   3.399770684818764e-05 -1.893267513829264e-05 0  
15 238607  -3 -4.05 0  2 0 0   1.251264499566116e-05 -1.570676813075159e-05 0   3.198267850965542e-05 -1.608110655705944e-05 0  
15 244121  -2.9 -4.05 0  2.1 0 0   1.255373937553302e-05 -1.50041943684058e-05 0   3.017478061622531e-05 -1.562973397917916e-05 0  
15 222308  -2.8 -4.05 0  2.2 0 0   1.224469012709806e-05 -1.388263941411866e-05 0   2.842323812350406e-05 -1.331509006090911e-05 0  
15 213735  -2.7 -4.05 0  2.3 0 0   1.215620176839034e-05 -1.337098217809186e-05 0   2.718856465653337e-05 -1.260768063190542e-05 0  
15 235090  -2.6 -4.05 0  2.4 0 0   1.218841399252104e-05 -1.272365154552507e-05 0   2.584791859101127e-05 -1.232417480560941e-05 0  
15 222186  -2.5 -4.05 0  2.5 0 0   1.209836320853084e-05 -1.216149343435296e-05 0   2.500192069393881e-05 -1.145145516568986e-05 0  
15 248617  -2.4 -4.05 0  2.6 0 0   1.182279720622886e-05 -1.144023887312499e-05 0   2.289021830310586e-05 -1.041179004448653e-05 0  
15 235362  -2.3 -4.05 0  2.7 0 0   1.169862520389374e-05 -1.103113145877041e-05 0   2.203013409441453e-05 -9.76122142128024e-06 0  
15 231135  -2.2 -4.05 0  2.8 0 0   1.143391138684266e-05 -1.039882856496968e-05 0   2.09334912539055e-05 -8.882475915608992e-06 0  
15 230258  -2.1 -4.05 0  2.9 0 0   1.126781580687271e-05 -9.889716319595558e-06 0   1.940047449447467e-05 -8.152170559961106e-06 0  
15 238098  -2 -4.05 0  3 0 0   1.102274411835511e-05 -9.679607963249473e-06 0   1.824871193743067e-05 -7.87714793734455e-06 0  
15 214226  -1.9 -4.05 0  3.1 0 0   1.094564517683085e-05 -9.292867274348412e-06 0   1.775049198195818e-05 -7.360115168697588e-06 0  
15 227646  -1.8 -4.05 0  3.2 0 0   1.057292347179679e-05 -8.814526806145799e-06 0   1.623634651517093e-05 -6.32902597332962e-06 0  
15 227427  -1.7 -4.05 0  3.3 0 0   1.042092642425645e-05 -8.57618215218325e-06 0   1.510061738960915e-05 -6.344496838306748e-06 0  
15 240580  -1.6 -4.05 0  3.4 0 0   1.028957370885269e-05 -8.322654858641549e-06 0   1.448557767160614e-05 -6.041626936444632e-06 0  
15 215260  -1.5 -4.05 0  3.5 0 0   9.989217915957593e-06 -7.928991290438985e-06 0   1.302695512341544e-05 -5.441125699309594e-06 0  
15 238879  -1.4 -4.05 0  3.6 0 0   9.763483375334423e-06 -7.818452821248094e-06 0   1.20257714603055e-05 -5.313242399971468e-06 0  
15 238770  -1.3 -4.05 0  3.7 0 0   9.66680881676462e-06 -7.601314039161304e-06 0   1.157873801931617e-05 -5.038306611898809e-06 0  
15 236343  -1.2 -4.05 0  3.8 0 0   9.387649733840972e-06 -7.329381300894e-06 0   1.035412928893781e-05 -4.291396229346225e-06 0  
15 239085  -1.1 -4.05 0  3.9 0 0   9.192460294533923e-06 -7.276554247630934e-06 0   9.286981673234298e-06 -4.542866873694096e-06 0  
15 212990  -1 -4.05 0  4 0 0   9.040759181984078e-06 -7.209795856936551e-06 0   8.574381317398572e-06 -4.571283999516701e-06 0  
15 219152  -0.9000000000000004 -4.05 0  4.1 0 0   8.829979792907526e-06 -6.959099732774081e-06 0   7.538763074890244e-06 -3.777213794181958e-06 0  
15 242697  -0.7999999999999998 -4.05 0  4.2 0 0   8.684969328979185e-06 -6.948413985372569e-06 0   6.650610570599694e-06 -4.079719760590253e-06 0  
15 215062  -0.7000000000000002 -4.05 0  4.3 0 0   8.584854588707374e-06 -6.894542229960929e-06 0   6.087983753975523e-06 -4.006489089291611e-06 0  
15 224960  -0.5999999999999996 -4.05 0  4.4 0 0   8.400449012331643e-06 -6.766219981585529e-06 0   5.002764498701802e-06 -3.427330528125994e-06 0  
15 211697  -0.5 -4.05 0  4.5 0 0   8.263990383303686e-06 -6.801134335163508e-06 0   4.048790383041553e-06 -3.790341220234403e-06 0  
15 233941  -0.3999999999999995 -4.05 0  4.600000000000001 0 0   8.202065448593065e-06 -6.796926395017874e-06 0   3.595646775708845e-06 -3.814650849154506e-06 0  
15 217187  -0.3000000000000007 -4.05 0  4.699999999999999 0 0   8.071469395626654e-06 -6.739495421944318e-06 0   2.492729357117009e-06 -3.278330583348678e-06 0  
15 240517  -0.2000000000000002 -4.05 0  4.8 0 0   7.981421467887721e-06 -6.803545679846465e-06 0   1.640206169438961e-06 -3.700593749572656e-06 0  
15 218048  -0.09999999999999964 -4.05 0  4.9 0 0   7.93680239261638e-06 -6.825007177166213e-06 0   1.130782396710148e-06 -3.674768070747146e-06 0  
15 224700  0 -4.05 0  5 0 0   7.864607803525613e-06 -6.878285195288051e-06 0   -1.215263301439186e-07 -3.834522322558771e-06 0  
15 245587  0.09999999999999964 -4.05 0  5.1 0 0   7.829882204776241e-06 -6.934081101613379e-06 0   -8.025473458503352e-07 -3.847411116005353e-06 0  
15 239172  0.2000000000000002 -4.05 0  5.2 0 0   7.819005614580037e-06 -6.983109467822296e-06 0   -1.343055936145476e-06 -3.99172395643306e-06 0  
15 211083  0.3000000000000007 -4.05 0  5.300000000000001 0 0   7.832398468268949e-06 -7.070686391649327e-06 0   -2.042404787789935e-06 -3.904465174360723e-06 0  
15 222385  0.4000000000000004 -4.05 0  5.4 0 0   7.851057046100282e-06 -7.107124162269128e-06 0   -3.092587467207805e-06 -3.999120843853343e-06 0  
15 212324  0.5 -4.05 0  5.5 0 0   7.862383165468945e-06 -7.204549862899375e-06 0   -3.857544031628246e-06 -4.319290581655984e-06 0  
15 223363  0.6000000000000005 -4.05 0  5.600000000000001 0 0   7.895384265070669e-06 -7.292500934896751e-06 0   -4.356922735320942e-06 -4.486080356395743e-06 0  
15 233374  0.6999999999999993 -4.05 0  5.699999999999999 0 0   7.988720720856265e-06 -7.424642962571872e-06 0   -5.706240991018227e-06 -4.514235637310612e-06 0  
15 249713  0.7999999999999998 -4.05 0  5.8 0 0   8.046073765795173e-06 -7.503340202700062e-06 0   -6.21918955825149e-06 -4.74186163603417e-06 0  
15 241690  0.8999999999999995 -4.05 0  5.899999999999999 0 0   8.157141017967658e-06 -7.646313288093426e-06 0   -6.81920324052069e-06 -4.906850784817431e-06 0  
15 226615  1 -4.05 0  6 0 0   8.328761954440669e-06 -7.751403061680671e-06 0   -8.202211208354314e-06 -5.372212923657887e-06 0  
15 245420  1.1 -4.05 0  6.1 0 0   8.424158300375777e-06 -7.869053668672563e-06 0   -8.693589400193304e-06 -5.545103327339769e-06 0  
15 221311  1.2 -4.05 0  6.2 0 0   8.663755321683571e-06 -8.06510392553075e-06 0   -9.731203804327383e-06 -5.387298802814883e-06 0  
15 227360  1.3 -4.05 0  6.3 0 0   8.833652691352329e-06 -8.081098166588634e-06 0   -1.068068644055793e-05 -6.360991503672093e-06 0  
15 249329  1.4 -4.05 0  6.4 0 0   8.992409549826762e-06 -8.159733023578673e-06 0   -1.138374980186709e-05 -6.562226190984233e-06 0  
15 212692  1.5 -4.05 0  6.5 0 0   9.19363943075336e-06 -8.295717960693678e-06 0   -1.197912126603504e-05 -7.071153475076385e-06 0  
15 243599  1.600000000000001 -4.05 0  6.600000000000001 0 0   9.561566871597784e-06 -8.430332361713914e-06 0   -1.353000599551429e-05 -7.493735940594833e-06 0  
15 227426  1.7 -4.05 0  6.7 0 0   9.729276896075934e-06 -8.555301708812382e-06 0   -1.41023061565322e-05 -7.852818033195035e-06 0  
15 227645  1.800000000000001 -4.05 0  6.800000000000001 0 0   1.013548592451556e-05 -8.808455929074348e-06 0   -1.508831267781324e-05 -7.977093844888615e-06 0  
15 214225  1.899999999999999 -4.05 0  6.899999999999999 0 0   1.052360131315998e-05 -8.766962838641177e-06 0   -1.649577245481631e-05 -9.059867197795841e-06 0  
15 238097  2 -4.05 0  7 0 0   1.070087449082154e-05 -8.876971565889916e-06 0   -1.693210051928809e-05 -9.676513469358307e-06 0  
15 230257  2.1 -4.05 0  7.1 0 0   1.105026626821741e-05 -8.933272058150778e-06 0   -1.797611533905586e-05 -1.00034194495599e-05 0  
15 231134  2.199999999999999 -4.05 0  7.199999999999999 0 0   1.167104706596239e-05 -9.031165807875732e-06 0   -1.928174098230249e-05 -1.08420635629462e-05 0  
15 235363  2.3 -4.05 0  7.3 0 0   1.199006341056838e-05 -9.149271576919336e-06 0   -2.028595265033632e-05 -1.18497802987028e-05 0  
15 248616  2.4 -4.05 0  7.4 0 0   1.231608348069161e-05 -9.177876150056555e-06 0   -2.103206538257678e-05 -1.256347230707208e-05 0  
15 222185  2.5 -4.05 0  7.5 0 0   1.314679735193005e-05 -9.270960569727517e-06 0   -2.284783591819783e-05 -1.372826398871648e-05 0  
15 235089  2.6 -4.05 0  7.6 0 0   1.349812414954917e-05 -9.305783292086825e-06 0   -2.356513510764656e-05 -1.468126659383284e-05 0  
15 213736  2.7 -4.05 0  7.7 0 0   1.419963644791206e-05 -9.703733144780357e-06 0   -2.462334036607006e-05 -1.519767702319857e-05 0  
15 222309  2.800000000000001 -4.05 0  7.800000000000001 0 0   1.47459581284759e-05 -9.77146098529811e-06 0   -2.565000792274785e-05 -1.598956226308776e-05 0  
15 244120  2.9 -4.05 0  7.9 0 0   1.536939106802767e-05 -9.533830799656872e-06 0   -2.718475004521038e-05 -1.832895502482373e-05 0  
15 238606  3 -4.05 0  8 0 0   1.630498933392812e-05 -9.882260303747427e-06 0   -2.860973294576893e-05 -1.899321306134648e-05 0  
15 216237  3.100000000000001 -4.05 0  8.100000000000001 0 0   1.715983215268171e-05 -9.315136411432254e-06 0   -3.029319176478485e-05 -2.171458598179514e-05 0  
15 233201  3.199999999999999 -4.05 0  8.199999999999999 0 0   1.798249851795971e-05 -9.317692413471183e-06 0   -3.14509348084671e-05 -2.247499015389787e-05 0  
15 236563  3.299999999999999 -4.05 0  8.299999999999999 0 0   1.859803597515372e-05 -9.332741401606257e-06 0   -3.218071094637613e-05 -2.501794461396475e-05 0  
15 246748  3.4 -4.05 0  8.4 0 0   2.010315066925924e-05 -9.143521233867784e-06 0   -3.507242844479411e-05 -2.754100787122696e-05 0  
15 249511  3.5 -4.05 0  8.5 0 0   2.116597687593905e-05 -9.115938577728203e-06 0   -3.624357474421342e-05 -2.838223235544259e-05 0  
15 238442  3.6 -4.05 0  8.6 0 0   2.187928699701712e-05 -8.728373072713728e-06 0   -3.691140435374291e-05 -3.215204873991632e-05 0  
15 225905  3.699999999999999 -4.05 0  8.699999999999999 0 0   2.413785799393504e-05 -8.111992040667378e-06 0   -4.005010757300587e-05 -3.540562233599748e-05 0  
15 211494  3.800000000000001 -4.05 0  8.800000000000001 0 0   2.492779259828746e-05 -7.779546916870158e-06 0   -4.107696948662002e-05 -3.863811635591505e-05 0  
15 223442  3.9 -4.05 0  8.9 0 0   2.680544305097999e-05 -8.334244359650602e-06 0   -4.276834220532429e-05 -4.137548738688494e-05 0  
15 214131  4 -4.05 0  9 0 0   2.768592857892551e-05 -6.606502421597094e-06 0   -4.322561666205132e-05 -4.646984406470652e-05 0  
15 250568  4.1 -4.05 0  9.1 0 0   3.046033304741295e-05 -5.806774074971349e-06 0   -4.6817253902166e-05 -5.266187792120867e-05 0  
15 228477  4.200000000000001 -4.05 0  9.200000000000001 0 0   3.403661449374163e-05 -4.694158113311038e-06 0   -4.954011469028688e-05 -5.745968041218075e-05 0  
15 211356  4.300000000000001 -4.05 0  9.300000000000001 0 0   3.688105095259577e-05 -2.573578215526746e-06 0   -5.336663681152929e-05 -6.639594293634046e-05 0  
15 242873  4.399999999999999 -4.05 0  9.399999999999999 0 0   3.834558174226456e-05 -9.326846186295118e-07 0   -5.416496909704674e-05 -7.483067008631338e-05 0  
15 223149  4.5 -4.05 0  9.5 0 0   4.094684390415059e-05 1.656213478190473e-06 0   -5.479142172358075e-05 -8.412201177605914e-05 0  
15 234021  4.6 -4.05 0  9.6 0 0   4.665112757337058e-05 3.382290669008518e-06 0   -5.656355518718315e-05 -9.407237763967534e-05 0  
15 231406  4.699999999999999 -4.05 0  9.699999999999999 0 0   5.053086658334503e-05 1.098813218339744e-05 0   -6.111209011937235e-05 -0.0001226201808864208 0  
15 222261  4.800000000000001 -4.05 0  9.800000000000001 0 0   5.836524176028529e-05 1.677738373124377e-05 0   -5.313699881003009e-05 -0.000147593481206027 0  
15 214473  4.9 -4.05 0  9.9 0 0   5.88366134566861e-05 2.588457039547597e-05 0   -4.288889419969957e-05 -0.0002030673674195075 0  
15 226848  5 -4.05 0  10 0 0   6.926302945008816e-05 6.238078991097767e-05 0   0.000106875438200732 -0.0002266446145443163 0  
