15 228119  -5 -4.05 0  0 0 0   -5.22084864811867e-05 -2.748341342595495e-05 0   4.338755605358098e-05 -0.0002633976751746717 0  
15 215744  -4.9 -4.05 0  0.1 0 0   -2.313984735816121e-05 -6.730424930831425e-05 0   0.0001554556125004386 -0.0001688620109622238 0  
15 223532  -4.8 -4.05 0  0.2 0 0   -1.813655401895764e-05 -6.362688644441505e-05 0   0.0001618277626964744 -9.911772589062421e-05 0  
15 232677  -4.7 -4.05 0  0.3 0 0   9.465918066296763e-06 -5.808499872547723e-05 0   0.0001354764798956919 -6.659136839247295e-05 0  
15 235292  -4.6 -4.05 0  0.4 0 0   1.356165527573172e-05 -4.703956896751071e-05 0   0.0001187692305707277 -3.071090883403947e-05 0  
15 224422  -4.5 -4.05 0  0.5 0 0   2.077508433105321e-05 -4.033943985162769e-05 0   9.577136235816965e-05 -2.388563043498565e-05 0  
15 244144  -4.4 -4.05 0  0.6 0 0   2.292011380505138e-05 -3.511349595641811e-05 0   8.565183390004018e-05 -1.448670332951612e-05 0  
15 212629  -4.3 -4.05 0  0.7000000000000001 0 0   2.342320051477997e-05 -2.944468172060011e-05 0   8.008361180211044e-05 -9.551066754882333e-06 0  
15 229748  -4.2 -4.05 0  0.8 0 0   2.205111306852192e-05 -2.387607206894016e-05 0   7.031245893211779e-05 -3.562776923138485e-06 0  
15 251841  -4.1 -4.05 0  0.8999999999999999 0 0   2.112780226440868e-05 -2.095419769662654e-05 0   5.86105629649179e-05 -7.919037531434886e-07 0  
15 215404  -4 -4.05 0  1 0 0   1.912104196316947e-05 -1.734981396774027e-05 0   5.049109800400804e-05 4.961524834610825e-07 0  
15 224713  -3.9 -4.05 0  1.1 0 0   1.878332985574827e-05 -1.454529446473507e-05 0   4.79393240668828e-05 4.715998411400292e-06 0  
15 212765  -3.8 -4.05 0  1.2 0 0   1.761012670701417e-05 -1.338884058789402e-05 0   4.281644368451127e-05 2.562228992446323e-06 0  
15 227178  -3.7 -4.05 0  1.3 0 0   1.696409914243857e-05 -1.199555923868389e-05 0   4.078492311533074e-05 2.987181071861149e-06 0  
15 239715  -3.6 -4.05 0  1.4 0 0   1.50687065981845e-05 -1.062087918657362e-05 0   3.525013922816132e-05 4.214280942042414e-06 0  
15 250782  -3.5 -4.05 0  1.5 0 0   1.458475310489593e-05 -9.320727170317178e-06 0   3.351958849262028e-05 4.836718293725422e-06 0  
15 248021  -3.4 -4.05 0  1.6 0 0   1.382731008785221e-05 -9.074229905592368e-06 0   3.104735672796138e-05 4.858504649971063e-06 0  
15 237836  -3.3 -4.05 0  1.7 0 0   1.245801408851499e-05 -8.355197776060974e-06 0   2.765011608333296e-05 5.208191169360759e-06 0  
15 234472  -3.2 -4.05 0  1.8 0 0   1.202820372643576e-05 -7.809349192949844e-06 0   2.625171734225887e-05 5.180380842481494e-06 0  
15 217508  -3.1 -4.05 0  1.9 0 0   1.145659311835301e-05 -7.657331948726642e-06 0   2.442849998715438e-05 5.20188625997679e-06 0  
15 239879  -3 -4.05 0  2 0 0   1.07848075994732e-05 -6.910583295882677e-06 0   2.250171820894096e-05 6.565542526649516e-06 0  
15 245393  -2.9 -4.05 0  2.1 0 0   1.013908180885759e-05 -6.968776573496038e-06 0   2.041927721069492e-05 5.885383763904514e-06 0  
15 223580  -2.8 -4.05 0  2.2 0 0   9.708706883160279e-06 -6.54792457313591e-06 0   1.896365628019543e-05 6.65796831951092e-06 0  
15 215007  -2.7 -4.05 0  2.3 0 0   9.361337942367931e-06 -6.473986588761971e-06 0   1.769305998951351e-05 6.63126475970255e-06 0  
15 236362  -2.6 -4.05 0  2.4 0 0   8.971572771084013e-06 -6.562860623338107e-06 0   1.60950078779331e-05 5.893056392123263e-06 0  
15 223458  -2.5 -4.05 0  2.5 0 0   8.765909267446914e-06 -6.468038682747035e-06 0   1.525473018547754e-05 5.987745210824847e-06 0  
15 249889  -2.4 -4.05 0  2.6 0 0   8.305495806361363e-06 -6.375342655975946e-06 0   1.320453022275931e-05 6.025687421465234e-06 0  
15 236634  -2.3 -4.05 0  2.7 0 0   8.141486676035981e-06 -6.315960533631593e-06 0   1.237002291033963e-05 6.123039750080528e-06 0  
15 232407  -2.2 -4.05 0  2.8 0 0   7.946813964099242e-06 -6.270638917296734e-06 0   1.14677015230259e-05 6.10647293986953e-06 0  
15 231530  -2.1 -4.05 0  2.9 0 0   7.692528701558343e-06 -6.218584072029132e-06 0   9.834216228565124e-06 6.117228323443847e-06 0  
15 239370  -2 -4.05 0  3 0 0   7.520051613661705e-06 -6.205560132477306e-06 0   8.794542306373647e-06 6.079023648012348e-06 0  
15 215498  -1.9 -4.05 0  3.1 0 0   7.468198947757632e-06 -6.183492077344033e-06 0   8.290245795818205e-06 6.011646034790978e-06 0  
15 228918  -1.8 -4.05 0  3.2 0 0   7.27048245208195e-06 -6.102239870089954e-06 0   6.998423299798564e-06 6.428063903008373e-06 0  
15 228699  -1.7 -4.05 0  3.3 0 0   7.124583075210356e-06 -6.160740059726888e-06 0   5.747707985778142e-06 5.872493777334207e-06 0  
15 241852  -1.6 -4.05 0  3.4 0 0   7.078176276549553e-06 -6.166943756311105e-06 0   5.177850943357209e-06 5.707896545160355e-06 0  
15 216532  -1.5 -4.05 0  3.5 0 0   6.933121197746916e-06 -6.159488261325841e-06 0   3.768402320027033e-06 5.573970210217215e-06 0  
15 240151  -1.4 -4.05 0  3.6 0 0   6.874541648521637e-06 -6.168474076140296e-06 0   2.881575421424852e-06 5.453139536850922e-06 0  
15 240042  -1.3 -4.05 0  3.7 0 0   6.859652214592782e-06 -6.173193939362775e-06 0   2.473254613350058e-06 5.216364413794658e-06 0  
15 237615  -1.2 -4.05 0  3.8 0 0   6.779152165639624e-06 -6.148516321372033e-06 0   1.422565947219049e-06 5.495670208715783e-06 0  
15 240357  -1.1 -4.05 0  3.9 0 0   6.718377601237779e-06 -6.201140471590039e-06 0   3.612389790429269e-07 4.844343222319648e-06 0  
15 214262  -1 -4.05 0  4 0 0   6.706138247401794e-06 -6.225395876024997e-06 0   -2.283589303005325e-07 4.500295262881908e-06 0  
15 220424  -0.9000000000000004 -4.05 0  4.1 0 0   6.683905844809268e-06 -6.238110753176151e-06 0   -1.075031621837106e-06 4.681718733516365e-06 0  
15 243969  -0.7999999999999998 -4.05 0  4.2 0 0   6.66514001314289e-06 -6.28093011316444e-06 0   -1.949274333524109e-06 3.962943011265579e-06 0  
15 216334  -0.7000000000000002 -4.05 0  4.3 0 0   6.664537099770884e-06 -6.306951537832228e-06 0   -2.419573485486345e-06 3.681949148990043e-06 0  
15 226232  -0.5999999999999996 -4.05 0  4.4 0 0   6.68048662552656e-06 -6.358718989629697e-06 0   -3.218085734780964e-06 3.728326671247387e-06 0  
15 212969  -0.5 -4.05 0  4.5 0 0   6.689111283895988e-06 -6.381552788620182e-06 0   -4.059029908344406e-06 3.046526933402549e-06 0  
15 235213  -0.3999999999999995 -4.05 0  4.600000000000001 0 0   6.706218160242028e-06 -6.419395218906776e-06 0   -4.398535233619762e-06 2.665030592660677e-06 0  
15 218459  -0.3000000000000007 -4.05 0  4.699999999999999 0 0   6.756040820010689e-06 -6.4864513638907e-06 0   -5.162945058422106e-06 2.681549669570639e-06 0  
15 241789  -0.2000000000000002 -4.05 0  4.8 0 0   6.787801384980363e-06 -6.518536477456705e-06 0   -5.863503106085704e-06 1.972397603903836e-06 0  
15 219320  -0.09999999999999964 -4.05 0  4.9 0 0   6.822009718930599e-06 -6.563059559552831e-06 0   -6.21083619346775e-06 1.693835251666428e-06 0  
15 225972  0 -4.05 0  5 0 0   6.927679554253469e-06 -6.615059725628702e-06 0   -6.970681824546932e-06 1.18857456474458e-06 0  
15 246859  0.09999999999999964 -4.05 0  5.1 0 0   6.971411162959296e-06 -6.681514015172141e-06 0   -7.461855772706335e-06 8.157074940441829e-07 0  
15 240444  0.2000000000000002 -4.05 0  5.2 0 0   7.032343644540473e-06 -6.7215752203309e-06 0   -7.767887232744191e-06 4.715337783037189e-07 0  
15 212355  0.3000000000000007 -4.05 0  5.300000000000001 0 0   7.13688741969809e-06 -6.817933472999527e-06 0   -8.079736603108833e-06 1.4784288105015e-07 0  
15 223657  0.4000000000000004 -4.05 0  5.4 0 0   7.269575074670895e-06 -6.838790598207023e-06 0   -8.672592763273132e-06 -4.019449225778175e-08 0  
15 213596  0.5 -4.05 0  5.5 0 0   7.356495975885391e-06 -6.892697578975149e-06 0   -9.137517328511075e-06 -5.636844941307294e-07 0  
15 224635  0.6000000000000005 -4.05 0  5.600000000000001 0 0   7.435271433708923e-06 -6.952678197974516e-06 0   -9.382713722921746e-06 -9.080694177567928e-07 0  
15 234646  0.6999999999999993 -4.05 0  5.699999999999999 0 0   7.639832475078712e-06 -7.061086592291543e-06 0   -1.007772464263988e-05 -1.229674312893444e-06 0  
15 250985  0.7999999999999998 -4.05 0  5.8 0 0   7.735775713613169e-06 -7.105220974037985e-06 0   -1.031247791178844e-05 -1.527739785339732e-06 0  
15 242962  0.8999999999999995 -4.05 0  5.899999999999999 0 0   7.878233110478194e-06 -7.205183318356734e-06 0   -1.051461901373956e-05 -1.85419286533007e-06 0  
15 227887  1 -4.05 0  6 0 0   8.132232616239743e-06 -7.248856096486733e-06 0   -1.118847121847296e-05 -2.277456573092666e-06 0  
15 246692  1.1 -4.05 0  6.1 0 0   8.246113675766664e-06 -7.326234544857702e-06 0   -1.13807311907159e-05 -2.504053143141541e-06 0  
15 222583  1.2 -4.05 0  6.2 0 0   8.512175417682566e-06 -7.48595057503687e-06 0   -1.178922466161592e-05 -2.583708233875855e-06 0  
15 228632  1.3 -4.05 0  6.3 0 0   8.715163258996017e-06 -7.426177777547505e-06 0   -1.221968486876939e-05 -3.110111513847814e-06 0  
15 250601  1.4 -4.05 0  6.4 0 0   8.884945516651754e-06 -7.470780052365456e-06 0   -1.252787937316226e-05 -3.25048115924504e-06 0  
15 213964  1.5 -4.05 0  6.5 0 0   9.078771497111893e-06 -7.534768398431702e-06 0   -1.277834600698876e-05 -3.555458117488418e-06 0  
15 244871  1.600000000000001 -4.05 0  6.600000000000001 0 0   9.450619380499403e-06 -7.610612343708634e-06 0   -1.3465690505954e-05 -3.749602185388083e-06 0  
15 228698  1.7 -4.05 0  6.7 0 0   9.610265013872132e-06 -7.678299173974334e-06 0   -1.37332015924987e-05 -3.902542570919255e-06 0  
15 228917  1.800000000000001 -4.05 0  6.800000000000001 0 0   9.957987523928624e-06 -7.854483058108985e-06 0   -1.420349906604387e-05 -3.906076869650429e-06 0  
15 215497  1.899999999999999 -4.05 0  6.899999999999999 0 0   1.031337479608097e-05 -7.768887874320951e-06 0   -1.487391768140861e-05 -4.312328386289321e-06 0  
15 239369  2 -4.05 0  7 0 0   1.045411553454723e-05 -7.818687092930876e-06 0   -1.508623927151697e-05 -4.46187173849344e-06 0  
15 231529  2.1 -4.05 0  7.1 0 0   1.074758240846019e-05 -7.847045022060795e-06 0   -1.563317877316221e-05 -4.530369838481006e-06 0  
15 232406  2.199999999999999 -4.05 0  7.199999999999999 0 0   1.122417106465268e-05 -7.883377294376492e-06 0   -1.645094511801374e-05 -4.723941554668747e-06 0  
15 236635  2.3 -4.05 0  7.3 0 0   1.147160106862444e-05 -7.948270025939785e-06 0   -1.698493804273534e-05 -4.885811117618538e-06 0  
15 249888  2.4 -4.05 0  7.4 0 0   1.171456348796063e-05 -7.957665690283555e-06 0   -1.746709363112115e-05 -5.036343187216638e-06 0  
15 223457  2.5 -4.05 0  7.5 0 0   1.229535287708416e-05 -8.030288533272811e-06 0   -1.870608095415522e-05 -5.181164534418035e-06 0  
15 236361  2.6 -4.05 0  7.6 0 0   1.253193962295895e-05 -8.071451859978374e-06 0   -1.924154280045685e-05 -5.325623063488316e-06 0  
15 215008  2.7 -4.05 0  7.7 0 0   1.300769639255017e-05 -8.378424911484328e-06 0   -2.029122352691776e-05 -4.914792116873139e-06 0  
15 223581  2.800000000000001 -4.05 0  7.800000000000001 0 0   1.336851598822408e-05 -8.471090034350981e-06 0   -2.118392042561748e-05 -4.910393201951473e-06 0  
15 245392  2.9 -4.05 0  7.9 0 0   1.373979252675128e-05 -8.438956600423375e-06 0   -2.227732463776515e-05 -5.56284200843376e-06 0  
15 239878  3 -4.05 0  8 0 0   1.433150953047968e-05 -8.783484722760249e-06 0   -2.387176963177732e-05 -5.079054490523486e-06 0  
15 217509  3.100000000000001 -4.05 0  8.100000000000001 0 0   1.482300507684581e-05 -8.655002004587242e-06 0   -2.54212847765768e-05 -6.287313495069967e-06 0  
15 234473  3.199999999999999 -4.05 0  8.199999999999999 0 0   1.534738819699427e-05 -8.770192228640949e-06 0   -2.691778785833746e-05 -6.35939217165783e-06 0  
15 237835  3.299999999999999 -4.05 0  8.299999999999999 0 0   1.578333035216761e-05 -9.250774716154653e-06 0   -2.808955795109821e-05 -6.52995718979435e-06 0  
15 248020  3.4 -4.05 0  8.4 0 0   1.659109522626767e-05 -9.641798148524172e-06 0   -3.113565807840357e-05 -7.08270136590204e-06 0  
15 250783  3.5 -4.05 0  8.5 0 0   1.738022105993164e-05 -9.828510230625032e-06 0   -3.331681901951213e-05 -7.201907882855782e-06 0  
15 239714  3.6 -4.05 0  8.6 0 0   1.798666025400186e-05 -1.053345871306066e-05 0   -3.483912722682364e-05 -8.252091739529102e-06 0  
15 227177  3.699999999999999 -4.05 0  8.699999999999999 0 0   1.967467202668161e-05 -1.092278993400364e-05 0   -3.991829277867571e-05 -9.8340521859562e-06 0  
15 212766  3.800000000000001 -4.05 0  8.800000000000001 0 0   2.034184304237213e-05 -1.179150399803486e-05 0   -4.17877034029303e-05 -1.084734437094401e-05 0  
15 224714  3.9 -4.05 0  8.9 0 0   2.241473530988081e-05 -1.396946138521038e-05 0   -4.630355990207461e-05 -9.795799734616038e-06 0  
15 215403  4 -4.05 0  9 0 0   2.364176128955009e-05 -1.37171195691288e-05 0   -4.842947238100975e-05 -1.451690094504438e-05 0  
15 251840  4.1 -4.05 0  9.1 0 0   2.684092546460792e-05 -1.580144696600172e-05 0   -5.573935201203743e-05 -1.748698962371375e-05 0  
15 229749  4.200000000000001 -4.05 0  9.200000000000001 0 0   3.301320323786505e-05 -1.646493661722204e-05 0   -6.524675825288562e-05 -2.125933064634801e-05 0  
15 212628  4.300000000000001 -4.05 0  9.300000000000001 0 0   3.771559472402763e-05 -1.730951933111291e-05 0   -7.356490650521413e-05 -2.906207124543766e-05 0  
15 244145  4.399999999999999 -4.05 0  9.399999999999999 0 0   4.139524282505136e-05 -1.884066705050425e-05 0   -7.757489663204548e-05 -3.616413967412317e-05 0  
15 224421  4.5 -4.05 0  9.5 0 0   4.903444919217292e-05 -1.741100868410395e-05 0   -8.414138079537351e-05 -4.649984110427751e-05 0  
15 235293  4.6 -4.05 0  9.6 0 0   6.8210692614281e-05 -1.867202115291011e-05 0   -9.771487104458315e-05 -5.574640382658889e-05 0  
15 232678  4.699999999999999 -4.05 0  9.699999999999999 0 0   8.118275043249301e-05 -6.380764987101717e-06 0   -0.0001082934017726463 -9.024350042682297e-05 0  
15 223533  4.800000000000001 -4.05 0  9.800000000000001 0 0   0.0001180299352085724 8.061168179224198e-06 0   -0.0001124826931763082 -0.0001189916357556188 0  
15 215745  4.9 -4.05 0  9.9 0 0   0.0001184179224361648 4.480426688471817e-05 0   -0.0001044581918286015 -0.0001760525638038148 0  
15 228120  5 -4.05 0  10 0 0   8.127404726776533e-05 0.0001305980393529471 0   2.420517526382365e-06 -0.0002267393032095296 0  
