15 404830  -4 -4.05 0  0 0 0   -2.626935838996591e-05 1.089598757139654e-05 0   -0.0001804155326168289 -0.0002526387297521193 0  
15 447268  -3.92 -4.05 0  0.08 0 0   -2.524940403131337e-05 -6.160470102933857e-06 0   -3.478561136560643e-05 -0.0002386198586774579 0  
15 406317  -3.84 -4.05 0  0.16 0 0   -2.43914080240628e-05 -1.084064520081099e-05 0   1.028882533422176e-05 -0.000210268284567057 0  
15 433128  -3.76 -4.05 0  0.24 0 0   -2.063350063451208e-05 -1.285034619914402e-05 0   1.077189272120915e-05 -0.0001719465833173867 0  
15 422925  -3.68 -4.05 0  0.32 0 0   -1.901061938724274e-05 -1.588198700022692e-05 0   2.147868090853627e-05 -0.0001489965933362813 0  
15 430128  -3.6 -4.05 0  0.4 0 0   -1.755491948962986e-05 -1.748237027461401e-05 0   1.848315316419977e-05 -0.0001293995838715853 0  
15 428453  -3.52 -4.05 0  0.48 0 0   -1.538946051366993e-05 -1.823124433361287e-05 0   2.123523151695283e-05 -0.0001231668903026728 0  
15 429989  -3.44 -4.05 0  0.5600000000000001 0 0   -1.516090812251659e-05 -1.919526488482551e-05 0   2.687985486055089e-05 -0.0001162435950489982 0  
15 447983  -3.36 -4.05 0  0.64 0 0   -1.252594943862949e-05 -2.023868163973305e-05 0   2.181255586489184e-05 -0.0001052395824637231 0  
15 432462  -3.28 -4.05 0  0.72 0 0   -1.194337057190025e-05 -2.057810673350771e-05 0   2.507849636532167e-05 -0.0001021072948794305 0  
15 403281  -3.2 -4.05 0  0.8 0 0   -1.020088304290803e-05 -2.123944106174154e-05 0   2.57744984131919e-05 -9.274720445682366e-05 0  
15 430623  -3.12 -4.05 0  0.88 0 0   -9.119885119043304e-06 -2.145905231464018e-05 0   2.452607115230408e-05 -9.026252547107705e-05 0  
15 422798  -3.04 -4.05 0  0.96 0 0   -8.360009489651044e-06 -2.156184551010271e-05 0   2.484297575101879e-05 -8.508376565496967e-05 0  
15 443352  -2.96 -4.05 0  1.04 0 0   -7.059109750993248e-06 -2.153523107445258e-05 0   2.272901123462345e-05 -8.318237035108422e-05 0  
15 424769  -2.88 -4.05 0  1.12 0 0   -6.154306126962723e-06 -2.204678421883349e-05 0   2.326663679021873e-05 -7.971350705338054e-05 0  
15 430558  -2.8 -4.05 0  1.2 0 0   -5.321920280070003e-06 -2.193355822242837e-05 0   2.200108267973178e-05 -7.592284249915288e-05 0  
15 424898  -2.72 -4.05 0  1.28 0 0   -4.626449024366062e-06 -2.187321469945477e-05 0   2.356868712629842e-05 -7.414536957985746e-05 0  
15 451519  -2.64 -4.05 0  1.36 0 0   -3.453388473005983e-06 -2.186680636120583e-05 0   2.311021083509224e-05 -7.036331058106471e-05 0  
15 414150  -2.56 -4.05 0  1.44 0 0   -2.891662680307855e-06 -2.174475355005978e-05 0   2.232989401622365e-05 -6.765878217001448e-05 0  
15 422778  -2.48 -4.05 0  1.52 0 0   -2.232123071396405e-06 -2.168797184725832e-05 0   2.247493823428343e-05 -6.693892254013012e-05 0  
15 442248  -2.4 -4.05 0  1.6 0 0   -1.251215823656546e-06 -2.166539531797164e-05 0   2.218061966267892e-05 -6.365880643594002e-05 0  
15 413843  -2.32 -4.05 0  1.68 0 0   -9.605230742329527e-07 -2.151585018140764e-05 0   2.102419208776856e-05 -6.251440061144642e-05 0  
15 442162  -2.24 -4.05 0  1.76 0 0   -4.591311780419161e-08 -2.140919318901688e-05 0   2.037117958393619e-05 -6.147674313169982e-05 0  
15 427203  -2.16 -4.05 0  1.84 0 0   7.604796428842611e-07 -2.117944181648235e-05 0   2.10428230157933e-05 -5.904426504591692e-05 0  
15 437062  -2.08 -4.05 0  1.92 0 0   1.208283167955283e-06 -2.117023707539842e-05 0   2.044654043289917e-05 -5.8429936303242e-05 0  
15 417152  -2 -4.05 0  2 0 0   1.723284437175551e-06 -2.086763349154128e-05 0   2.039599400925629e-05 -5.702139561203357e-05 0  
15 422473  -1.92 -4.05 0  2.08 0 0   2.137968068674848e-06 -2.053314031531632e-05 0   1.919886777983649e-05 -5.497844956652009e-05 0  
15 406047  -1.84 -4.05 0  2.16 0 0   2.864508088791518e-06 -2.048377832531041e-05 0   1.973549248190237e-05 -5.397035756807972e-05 0  
15 436989  -1.76 -4.05 0  2.24 0 0   3.335883592512669e-06 -2.039606887955375e-05 0   1.934607223204668e-05 -5.340522660927938e-05 0  
15 409339  -1.68 -4.05 0  2.32 0 0   3.804051243769258e-06 -2.03718940019592e-05 0   1.877425957196033e-05 -5.182541512394057e-05 0  
15 442609  -1.6 -4.05 0  2.4 0 0   4.073251747158465e-06 -1.981793587854663e-05 0   1.81375939277144e-05 -5.083307425970268e-05 0  
15 430345  -1.52 -4.05 0  2.48 0 0   4.636336901718899e-06 -1.973349104738079e-05 0   1.77965040813674e-05 -5.030683588898993e-05 0  
15 404048  -1.44 -4.05 0  2.56 0 0   5.334695030791235e-06 -1.941523604035572e-05 0   1.780662854668734e-05 -4.910260799759897e-05 0  
15 450042  -1.36 -4.05 0  2.64 0 0   5.568356260773552e-06 -1.916543055834746e-05 0   1.711836642373163e-05 -4.792391028890508e-05 0  
15 446408  -1.28 -4.05 0  2.72 0 0   5.855622182677697e-06 -1.903740258188229e-05 0   1.682920488527834e-05 -4.749235090963089e-05 0  
15 450348  -1.2 -4.05 0  2.8 0 0   6.418124862166835e-06 -1.876644949619019e-05 0   1.647031135042915e-05 -4.644211166578149e-05 0  
15 426576  -1.12 -4.05 0  2.88 0 0   6.839746134292013e-06 -1.86807676804332e-05 0   1.654594902146869e-05 -4.611336043895686e-05 0  
15 404796  -1.04 -4.05 0  2.96 0 0   7.207664086211762e-06 -1.835410198064782e-05 0   1.644783672140326e-05 -4.52880792963517e-05 0  
15 411751  -0.96 -4.05 0  3.04 0 0   7.442518102323062e-06 -1.812899868630993e-05 0   1.620870428419019e-05 -4.470148100796378e-05 0  
15 456698  -0.8799999999999999 -4.05 0  3.12 0 0   7.77870313083736e-06 -1.790906759183142e-05 0   1.547732224880388e-05 -4.385774736508086e-05 0  
15 425455  -0.7999999999999998 -4.05 0  3.2 0 0   8.19953940888081e-06 -1.764982706747506e-05 0   1.538290326775354e-05 -4.319765915196394e-05 0  
15 427978  -0.7200000000000002 -4.05 0  3.28 0 0   8.605324430911027e-06 -1.766138803134532e-05 0   1.500787615797e-05 -4.261984630153648e-05 0  
15 439013  -0.6400000000000001 -4.05 0  3.36 0 0   8.81292983710702e-06 -1.717598236053268e-05 0   1.441572364812432e-05 -4.21701847213643e-05 0  
15 424864  -0.5600000000000001 -4.05 0  3.44 0 0   9.267504649128344e-06 -1.701743197125502e-05 0   1.418057333166245e-05 -4.191565070408784e-05 0  
15 416422  -0.48 -4.05 0  3.52 0 0   9.656103908448608e-06 -1.683274356552647e-05 0   1.388932104699693e-05 -4.134920041336254e-05 0  
15 427843  -0.3999999999999999 -4.05 0  3.6 0 0   9.797750173482986e-06 -1.656477163815978e-05 0   1.339815409689277e-05 -4.082883579978325e-05 0  
15 447488  -0.3199999999999998 -4.05 0  3.68 0 0   1.007679027000344e-05 -1.645741537681031e-05 0   1.318551018680836e-05 -4.055940674726338e-05 0  
15 405014  -0.2400000000000002 -4.05 0  3.76 0 0   1.055416074201553e-05 -1.616303876000001e-05 0   1.286540736744894e-05 -4.019851787531725e-05 0  
15 442585  -0.1600000000000001 -4.05 0  3.84 0 0   1.072519802288764e-05 -1.591618787342985e-05 0   1.243377317221295e-05 -3.969522218107147e-05 0  
15 454141  -0.08000000000000007 -4.05 0  3.92 0 0   1.090788803205511e-05 -1.576941981059829e-05 0   1.220985817707021e-05 -3.949167529433695e-05 0  
15 448909  0 -4.05 0  4 0 0   1.129623412171252e-05 -1.540404757639281e-05 0   1.188113997677154e-05 -3.938599688601239e-05 0  
15 440450  0.08000000000000007 -4.05 0  4.08 0 0   1.172981847431809e-05 -1.528383885907383e-05 0   1.136315324232196e-05 -3.890398794489935e-05 0  
15 420332  0.1600000000000001 -4.05 0  4.16 0 0   1.172501279780185e-05 -1.513583705323868e-05 0   1.13566201373743e-05 -3.870278602781385e-05 0  
15 435793  0.2400000000000002 -4.05 0  4.24 0 0   1.234523413099885e-05 -1.483178343945034e-05 0   1.080528478468457e-05 -3.842971263893352e-05 0  
15 424680  0.3200000000000003 -4.05 0  4.32 0 0   1.25195843908596e-05 -1.477187507821151e-05 0   1.045628196773198e-05 -3.83179982463705e-05 0  
15 427337  0.4000000000000004 -4.05 0  4.4 0 0   1.278299939521874e-05 -1.446492007681904e-05 0   1.021100418985288e-05 -3.815928340569763e-05 0  
15 450514  0.4800000000000004 -4.05 0  4.48 0 0   1.301017388599321e-05 -1.432931459519407e-05 0   9.720009471844704e-06 -3.811009835717055e-05 0  
15 441399  0.5599999999999996 -4.05 0  4.56 0 0   1.341912235038566e-05 -1.403397169034981e-05 0   9.355097618412439e-06 -3.796844965898299e-05 0  
15 420150  0.6399999999999997 -4.05 0  4.64 0 0   1.359456559363835e-05 -1.381993761177813e-05 0   9.050649483380302e-06 -3.785396116755962e-05 0  
15 430053  0.7199999999999998 -4.05 0  4.72 0 0   1.387014471462486e-05 -1.370566618405858e-05 0   8.743246853730458e-06 -3.789462402568194e-05 0  
15 403889  0.7999999999999998 -4.05 0  4.8 0 0   1.410570925783686e-05 -1.348618331719259e-05 0   8.268876865238917e-06 -3.777659628573325e-05 0  
15 438906  0.8799999999999999 -4.05 0  4.88 0 0   1.430522717361937e-05 -1.327633328782399e-05 0   8.001928963476124e-06 -3.785510322731195e-05 0  
15 419917  0.96 -4.05 0  4.96 0 0   1.475533488023116e-05 -1.311282112911004e-05 0   7.538810978702237e-06 -3.793468298109864e-05 0  
15 418360  1.04 -4.05 0  5.04 0 0   1.520675757106515e-05 -1.282839700336713e-05 0   6.848840605824802e-06 -3.80483531173606e-05 0  
15 438879  1.12 -4.05 0  5.12 0 0   1.52095304484738e-05 -1.264731079567497e-05 0   6.846914620913533e-06 -3.817413195851549e-05 0  
15 438196  1.2 -4.05 0  5.2 0 0   1.553847360694083e-05 -1.251999811735516e-05 0   6.404368772104652e-06 -3.826930775182452e-05 0  
15 447295  1.28 -4.05 0  5.28 0 0   1.596241493442493e-05 -1.219406641715009e-05 0   5.885745533049103e-06 -3.858541482500404e-05 0  
15 450041  1.36 -4.05 0  5.36 0 0   1.622429298356494e-05 -1.208532109343331e-05 0   5.56965474700355e-06 -3.870892373478846e-05 0  
15 404047  1.44 -4.05 0  5.44 0 0   1.660793982485517e-05 -1.176052986402373e-05 0   5.092097973578846e-06 -3.913248481000886e-05 0  
15 430344  1.52 -4.05 0  5.52 0 0   1.69693094297786e-05 -1.149040729878613e-05 0   4.691314460637461e-06 -3.955884276891225e-05 0  
15 442608  1.6 -4.05 0  5.6 0 0   1.739598606160381e-05 -1.13518288973255e-05 0   4.209887906045373e-06 -3.978473371985675e-05 0  
15 409338  1.68 -4.05 0  5.68 0 0   1.775819252797933e-05 -1.131803307410396e-05 0   3.733511983232407e-06 -4.001518644118629e-05 0  
15 436988  1.76 -4.05 0  5.76 0 0   1.819955497216891e-05 -1.082935799525189e-05 0   3.185819840920145e-06 -4.086257432328599e-05 0  
15 406046  1.84 -4.05 0  5.84 0 0   1.858244922714296e-05 -1.070603443941234e-05 0   2.742425800950077e-06 -4.113045691313266e-05 0  
15 422472  1.92 -4.05 0  5.92 0 0   1.884476995605427e-05 -1.043257598121877e-05 0   2.711139517212746e-06 -4.166494287455302e-05 0  
15 417151  2 -4.05 0  6 0 0   1.942462309740146e-05 -1.005259845372579e-05 0   1.858338877048366e-06 -4.266874970941525e-05 0  
15 437061  2.08 -4.05 0  6.08 0 0   1.974248262779331e-05 -9.861175713879108e-06 0   1.617879527605892e-06 -4.335297401118071e-05 0  
15 427202  2.16 -4.05 0  6.16 0 0   2.016271780663423e-05 -9.711520522807937e-06 0   1.098686066312859e-06 -4.370465356091924e-05 0  
15 442161  2.24 -4.05 0  6.24 0 0   2.049257373081876e-05 -9.264078552314106e-06 0   1.1944610666028e-06 -4.503678804436417e-05 0  
15 413842  2.32 -4.05 0  6.32 0 0   2.122083879045264e-05 -9.094456056887856e-06 0   5.087587720692399e-07 -4.561035834864391e-05 0  
15 442247  2.4 -4.05 0  6.4 0 0   2.165291651396069e-05 -8.937763373375457e-06 0   -2.677747519483353e-07 -4.623753712383605e-05 0  
15 422777  2.48 -4.05 0  6.48 0 0   2.232912913476687e-05 -8.284857510424543e-06 0   -7.343127668008043e-07 -4.818202960024665e-05 0  
15 414149  2.56 -4.05 0  6.56 0 0   2.272766215826935e-05 -8.183019330077618e-06 0   -8.268401127681929e-07 -4.85956790287484e-05 0  
15 451518  2.64 -4.05 0  6.64 0 0   2.322987949479258e-05 -7.779994810806073e-06 0   -1.440289901420699e-06 -5.018844579279813e-05 0  
15 424897  2.72 -4.05 0  6.72 0 0   2.407076603023941e-05 -7.176625888375213e-06 0   -1.993327304855574e-06 -5.247177134982267e-05 0  
15 430557  2.8 -4.05 0  6.8 0 0   2.43124860527643e-05 -6.959085609686833e-06 0   -1.189605810622552e-06 -5.353669484926132e-05 0  
15 424768  2.88 -4.05 0  6.88 0 0   2.506001430921043e-05 -6.538025335170103e-06 0   -2.121960592592342e-06 -5.582320477218183e-05 0  
15 443351  2.96 -4.05 0  6.96 0 0   2.562166055312259e-05 -5.786500642895875e-06 0   -1.956842531569691e-06 -5.802919244771859e-05 0  
15 422797  3.04 -4.05 0  7.04 0 0   2.675233113820378e-05 -5.614356518501493e-06 0   -3.459730934105704e-06 -5.918671200267484e-05 0  
15 430622  3.12 -4.05 0  7.12 0 0   2.72525235175021e-05 -5.084881169048136e-06 0   -3.378117342675568e-06 -6.237271112197879e-05 0  
15 403280  3.2 -4.05 0  7.2 0 0   2.810506005146342e-05 -4.754275227185703e-06 0   -4.29041419862039e-06 -6.392536523155273e-05 0  
15 432463  3.28 -4.05 0  7.28 0 0   2.92994288636772e-05 -3.794636920755393e-06 0   -4.071784692645519e-06 -6.975019424960288e-05 0  
15 447982  3.36 -4.05 0  7.36 0 0   2.962685391878078e-05 -3.456989984673003e-06 0   -2.128851527088971e-06 -7.17095253086053e-05 0  
15 429988  3.44 -4.05 0  7.44 0 0   3.165591808456606e-05 -2.593355904405292e-06 0   -5.49507299944102e-06 -7.856819953547256e-05 0  
15 428454  3.52 -4.05 0  7.52 0 0   3.190316869360011e-05 -1.972426049323683e-06 0   -2.048593758432332e-06 -8.290121349592561e-05 0  
15 430127  3.6 -4.05 0  7.6 0 0   3.382509138855939e-05 -1.602234288916246e-06 0   -5.422303986576948e-07 -8.678689105032916e-05 0  
15 422924  3.68 -4.05 0  7.68 0 0   3.485816351904078e-05 -1.604213891453696e-06 0   -2.493662379476902e-06 -9.89248300287196e-05 0  
15 433129  3.76 -4.05 0  7.76 0 0   3.742206650160854e-05 -1.555070046996287e-06 0   3.93526052210047e-06 -0.0001132059096733209 0  
15 406318  3.84 -4.05 0  7.84 0 0   4.120622786699633e-05 -5.681225486647151e-06 0   3.930333172412481e-06 -0.0001368010369704326 0  
15 447263  3.92 -4.05 0  7.92 0 0   5.178010606303463e-05 -6.595619830239083e-06 0   3.152495762412388e-05 -0.0001545739340741634 0  
15 404828  4 -4.05 0  8 0 0   9.142837700226725e-05 1.611050232144806e-05 0   0.00012157602585533 -0.00016185073093955 0  
