15 230355  -5 -4.05 0  0 0 0   -6.076850246260895e-05 3.866524156823786e-06 0   -9.612049375288395e-05 -0.0002537272171707627 0  
15 217980  -4.9 -4.05 0  0.1 0 0   -4.60330048329903e-05 -1.688329229466165e-05 0   6.238708799771037e-05 -0.0002217277532148756 0  
15 225768  -4.8 -4.05 0  0.2 0 0   -4.49890222926425e-05 -1.988326625736332e-05 0   7.343774951849499e-05 -0.0001602083443339002 0  
15 234913  -4.7 -4.05 0  0.3 0 0   -3.782712028315826e-05 -2.226220433328553e-05 0   8.156624759658899e-05 -0.0001319047727526453 0  
15 237528  -4.6 -4.05 0  0.4 0 0   -3.497819920437941e-05 -2.564958906435425e-05 0   7.609052792507606e-05 -9.894701490492826e-05 0  
15 226658  -4.5 -4.05 0  0.5 0 0   -3.010127421942607e-05 -2.595755506755286e-05 0   7.350834534713621e-05 -8.736600264852568e-05 0  
15 246380  -4.4 -4.05 0  0.6 0 0   -2.778798911458411e-05 -2.711014814359039e-05 0   7.250988109209957e-05 -7.634238476830063e-05 0  
15 214865  -4.3 -4.05 0  0.7000000000000001 0 0   -2.652762798427931e-05 -2.750352837289428e-05 0   7.141873075902118e-05 -6.628982504752572e-05 0  
15 231984  -4.2 -4.05 0  0.8 0 0   -2.436318438091539e-05 -2.828380736787952e-05 0   6.654867375386654e-05 -5.547769614121754e-05 0  
15 254077  -4.1 -4.05 0  0.8999999999999999 0 0   -2.129471160800306e-05 -2.869382774260167e-05 0   6.2755399189911e-05 -4.960145508745711e-05 0  
15 217640  -4 -4.05 0  1 0 0   -1.905837609035433e-05 -2.863129540730961e-05 0   5.790940266116665e-05 -4.204099080541354e-05 0  
15 226949  -3.9 -4.05 0  1.1 0 0   -1.824260267687013e-05 -2.966627681227658e-05 0   5.715736861118884e-05 -3.5527380111193e-05 0  
15 215001  -3.8 -4.05 0  1.2 0 0   -1.657974802835656e-05 -2.876603495095874e-05 0   5.464496000709418e-05 -3.233405397119055e-05 0  
15 229414  -3.7 -4.05 0  1.3 0 0   -1.591012936242523e-05 -2.870525715159349e-05 0   5.317816193612952e-05 -2.83122216175602e-05 0  
15 241951  -3.6 -4.05 0  1.4 0 0   -1.396430687728037e-05 -2.895627593328589e-05 0   4.862260923804425e-05 -2.415163349170704e-05 0  
15 253018  -3.5 -4.05 0  1.5 0 0   -1.329768364252053e-05 -2.896502798601904e-05 0   4.754182978939682e-05 -1.938602568718299e-05 0  
15 250257  -3.4 -4.05 0  1.6 0 0   -1.230651592824892e-05 -2.891192922862607e-05 0   4.567462426845366e-05 -1.834500062277561e-05 0  
15 240072  -3.3 -4.05 0  1.7 0 0   -1.096695803131981e-05 -2.888989332448886e-05 0   4.141142866292188e-05 -1.515487432889734e-05 0  
15 236708  -3.2 -4.05 0  1.8 0 0   -1.036148873490559e-05 -2.86876905985509e-05 0   4.018662611851402e-05 -1.204388748443294e-05 0  
15 219744  -3.1 -4.05 0  1.9 0 0   -9.545083352000558e-06 -2.86358979621345e-05 0   3.828549673430375e-05 -1.111896209477284e-05 0  
15 242115  -3 -4.05 0  2 0 0   -8.695578297375668e-06 -2.912157540252533e-05 0   3.566345053000741e-05 -7.407472112860164e-06 0  
15 247629  -2.9 -4.05 0  2.1 0 0   -7.709003783232899e-06 -2.872214495327477e-05 0   3.32357132307344e-05 -6.836835756536541e-06 0  
15 225816  -2.8 -4.05 0  2.2 0 0   -7.029647897871614e-06 -2.895730641445742e-05 0   3.085156887489005e-05 -3.785843186786958e-06 0  
15 217243  -2.7 -4.05 0  2.3 0 0   -6.406079989391663e-06 -2.888835038215788e-05 0   2.911737438830893e-05 -2.879142949085631e-06 0  
15 238598  -2.6 -4.05 0  2.4 0 0   -5.578469281407577e-06 -2.843760102035162e-05 0   2.714257467845496e-05 -2.653819746432223e-06 0  
15 225694  -2.5 -4.05 0  2.5 0 0   -5.147574212869795e-06 -2.842285981340901e-05 0   2.589961190826301e-05 -1.567153302574689e-06 0  
15 252125  -2.4 -4.05 0  2.6 0 0   -4.065274465967677e-06 -2.836312337787432e-05 0   2.273890181415852e-05 -3.267926519737174e-07 0  
15 238870  -2.3 -4.05 0  2.7 0 0   -3.615312012987819e-06 -2.837614392900596e-05 0   2.142213215247483e-05 4.567084389613812e-07 0  
15 234643  -2.2 -4.05 0  2.8 0 0   -3.136949738570928e-06 -2.831615492215694e-05 0   1.979871264118881e-05 1.423279602261879e-06 0  
15 233766  -2.1 -4.05 0  2.9 0 0   -2.213763411345031e-06 -2.828854116289359e-05 0   1.730456258770829e-05 2.190295497257744e-06 0  
15 241606  -2 -4.05 0  3 0 0   -1.623466666399826e-06 -2.825562483398407e-05 0   1.550941534951555e-05 2.443140109002068e-06 0  
15 217734  -1.9 -4.05 0  3.1 0 0   -1.32667822650616e-06 -2.820663934894685e-05 0   1.468658253612511e-05 2.89735754450092e-06 0  
15 231154  -1.8 -4.05 0  3.2 0 0   -5.698279440522532e-07 -2.84554618667479e-05 0   1.236128535314976e-05 4.140675544602596e-06 0  
15 230935  -1.7 -4.05 0  3.3 0 0   1.815540862928292e-07 -2.814592019725675e-05 0   1.037407237567539e-05 3.682038601616339e-06 0  
15 244088  -1.6 -4.05 0  3.4 0 0   5.364251524115227e-07 -2.807042184106061e-05 0   9.369633510477107e-06 3.77614484151946e-06 0  
15 218768  -1.5 -4.05 0  3.5 0 0   1.412894108915493e-06 -2.804989995572782e-05 0   6.947980289526839e-06 4.074285586739765e-06 0  
15 242387  -1.4 -4.05 0  3.6 0 0   2.000893178304586e-06 -2.80022087679071e-05 0   5.348069794099825e-06 4.034859083311415e-06 0  
15 242278  -1.3 -4.05 0  3.7 0 0   2.2740605515987e-06 -2.792020928926091e-05 0   4.619408525526753e-06 3.938841213271121e-06 0  
15 239851  -1.2 -4.05 0  3.8 0 0   2.998458013141452e-06 -2.819029125020731e-05 0   2.720659062611236e-06 4.673427687165374e-06 0  
15 242593  -1.1 -4.05 0  3.9 0 0   3.720689157630944e-06 -2.783955978629673e-05 0   8.83217532963998e-07 3.750650416099732e-06 0  
15 216498  -1 -4.05 0  4 0 0   4.163314681771913e-06 -2.767710194029826e-05 0   -1.951285862689459e-07 3.293964694251264e-06 0  
15 222660  -0.9000000000000004 -4.05 0  4.1 0 0   4.814039058464266e-06 -2.797702553567578e-05 0   -1.720339151287109e-06 3.836077029568605e-06 0  
15 246205  -0.7999999999999998 -4.05 0  4.2 0 0   5.453116249316044e-06 -2.760032696863318e-05 0   -3.258748862368724e-06 2.736791694976648e-06 0  
15 218570  -0.7000000000000002 -4.05 0  4.3 0 0   5.831136652067028e-06 -2.752073350312787e-05 0   -4.109858486939927e-06 2.33969670766776e-06 0  
15 228468  -0.5999999999999996 -4.05 0  4.4 0 0   6.543182072394401e-06 -2.777349578268621e-05 0   -5.57852013720328e-06 2.549830589219926e-06 0  
15 215205  -0.5 -4.05 0  4.5 0 0   7.23461187786636e-06 -2.73937919282991e-05 0   -7.082699816099436e-06 1.390943732752087e-06 0  
15 237449  -0.3999999999999995 -4.05 0  4.600000000000001 0 0   7.551470138476282e-06 -2.726893044836592e-05 0   -7.705937025676013e-06 7.590721266218653e-07 0  
15 220695  -0.3000000000000007 -4.05 0  4.699999999999999 0 0   8.323847499123148e-06 -2.755028846679851e-05 0   -9.103179739570338e-06 8.30391706937994e-07 0  
15 244025  -0.2000000000000002 -4.05 0  4.8 0 0   8.9645713083732e-06 -2.714959589441516e-05 0   -1.038425093181049e-05 -4.412611640490505e-07 0  
15 221556  -0.09999999999999964 -4.05 0  4.9 0 0   9.337846975124905e-06 -2.71052085350971e-05 0   -1.103495691696932e-05 -9.605203697415909e-07 0  
15 228208  0 -4.05 0  5 0 0   1.025914130257526e-05 -2.691064314238462e-05 0   -1.242035207665382e-05 -1.925953925127968e-06 0  
15 249095  0.09999999999999964 -4.05 0  5.1 0 0   1.078038521739461e-05 -2.684684070637221e-05 0   -1.329323597585794e-05 -2.675145337673046e-06 0  
15 242680  0.2000000000000002 -4.05 0  5.2 0 0   1.119228725896286e-05 -2.670699520718927e-05 0   -1.386828421000297e-05 -3.355256639553383e-06 0  
15 214591  0.3000000000000007 -4.05 0  5.300000000000001 0 0   1.172822234880291e-05 -2.674516807818321e-05 0   -1.444016069439627e-05 -4.105999203612987e-06 0  
15 225893  0.4000000000000004 -4.05 0  5.4 0 0   1.255542988457485e-05 -2.666579006180628e-05 0   -1.550018931037326e-05 -4.517925507995652e-06 0  
15 215832  0.5 -4.05 0  5.5 0 0   1.31660733110816e-05 -2.640897245149163e-05 0   -1.638131984002707e-05 -5.677547022363977e-06 0  
15 226871  0.6000000000000005 -4.05 0  5.600000000000001 0 0   1.356828750061797e-05 -2.628771799503935e-05 0   -1.680605191304793e-05 -6.507497454124114e-06 0  
15 236882  0.6999999999999993 -4.05 0  5.699999999999999 0 0   1.466484590505039e-05 -2.630011547599415e-05 0   -1.806107299781416e-05 -7.370527802655347e-06 0  
15 253221  0.7999999999999998 -4.05 0  5.8 0 0   1.509008295426145e-05 -2.614893486915446e-05 0   -1.84532910365541e-05 -8.130065692170743e-06 0  
15 245198  0.8999999999999995 -4.05 0  5.899999999999999 0 0   1.560902766117346e-05 -2.608253187806305e-05 0   -1.871711430896997e-05 -9.108054373140398e-06 0  
15 230123  1 -4.05 0  6 0 0   1.676871714980472e-05 -2.577870776147633e-05 0   -1.987353476468404e-05 -1.026849148900132e-05 0  
15 248928  1.1 -4.05 0  6.1 0 0   1.719806166843073e-05 -2.571592789418894e-05 0   -2.015597341501439e-05 -1.103021981229899e-05 0  
15 224819  1.2 -4.05 0  6.2 0 0   1.813008101992156e-05 -2.59584136723238e-05 0   -2.065800167883568e-05 -1.159419169637424e-05 0  
15 230868  1.3 -4.05 0  6.3 0 0   1.894768491277174e-05 -2.525008915805647e-05 0   -2.136276062741568e-05 -1.302792050310309e-05 0  
15 252837  1.4 -4.05 0  6.4 0 0   1.957257595365937e-05 -2.516091663218268e-05 0   -2.178833518478186e-05 -1.359275379151856e-05 0  
15 216200  1.5 -4.05 0  6.5 0 0   2.014965874600535e-05 -2.489980966678251e-05 0   -2.194263202241059e-05 -1.475744074695175e-05 0  
15 247107  1.600000000000001 -4.05 0  6.600000000000001 0 0   2.152624887514143e-05 -2.471206693940159e-05 0   -2.293375969017637e-05 -1.575149239099391e-05 0  
15 230934  1.7 -4.05 0  6.7 0 0   2.205457521026991e-05 -2.45676776616144e-05 0   -2.321976509838362e-05 -1.658924322772877e-05 0  
15 231153  1.800000000000001 -4.05 0  6.800000000000001 0 0   2.305878319417256e-05 -2.469427595292546e-05 0   -2.344050770140479e-05 -1.741627295533815e-05 0  
15 217733  1.899999999999999 -4.05 0  6.899999999999999 0 0   2.43192072494746e-05 -2.394364471418244e-05 0   -2.43153221445927e-05 -1.871607631276709e-05 0  
15 241605  2 -4.05 0  7 0 0   2.475419674017156e-05 -2.364094128344757e-05 0   -2.446044282732387e-05 -1.974979720384754e-05 0  
15 233765  2.1 -4.05 0  7.1 0 0   2.572794301594888e-05 -2.348404950107148e-05 0   -2.50068682281987e-05 -2.028341131239675e-05 0  
15 234642  2.199999999999999 -4.05 0  7.199999999999999 0 0   2.709485300185347e-05 -2.304560591953261e-05 0   -2.536383592097028e-05 -2.15190552948219e-05 0  
15 238871  2.3 -4.05 0  7.3 0 0   2.799465355676593e-05 -2.253732123154006e-05 0   -2.598345956299729e-05 -2.295275697097691e-05 0  
15 252124  2.4 -4.05 0  7.4 0 0   2.873662434531949e-05 -2.213542419530427e-05 0   -2.62946787360982e-05 -2.384803607729559e-05 0  
15 225693  2.5 -4.05 0  7.5 0 0   3.055542481000101e-05 -2.153818350158349e-05 0   -2.706860538610224e-05 -2.535588611423875e-05 0  
15 238597  2.6 -4.05 0  7.6 0 0   3.128557054542388e-05 -2.102281116903157e-05 0   -2.736667497886189e-05 -2.649762702092856e-05 0  
15 217244  2.7 -4.05 0  7.7 0 0   3.252022983669337e-05 -2.109073611135989e-05 0   -2.75912626442696e-05 -2.761753367517585e-05 0  
15 225817  2.800000000000001 -4.05 0  7.800000000000001 0 0   3.358511624978805e-05 -2.070903127398714e-05 0   -2.803347015940642e-05 -2.857101959597569e-05 0  
15 247628  2.9 -4.05 0  7.9 0 0   3.49836111965332e-05 -1.922082144701623e-05 0   -2.896481059515635e-05 -3.083579319294698e-05 0  
15 242114  3 -4.05 0  8 0 0   3.657970465840293e-05 -1.91768234373826e-05 0   -2.946943181924427e-05 -3.192588558347149e-05 0  
15 219745  3.100000000000001 -4.05 0  8.100000000000001 0 0   3.821595432764455e-05 -1.725801308993802e-05 0   -3.039227546414169e-05 -3.425073906766773e-05 0  
15 236709  3.199999999999999 -4.05 0  8.199999999999999 0 0   3.953356583180135e-05 -1.687470093137289e-05 0   -3.083099202606495e-05 -3.506759119742062e-05 0  
15 240071  3.299999999999999 -4.05 0  8.299999999999999 0 0   4.044138519067883e-05 -1.562187841096458e-05 0   -3.104098871363307e-05 -3.776955298637891e-05 0  
15 250256  3.4 -4.05 0  8.4 0 0   4.316479872419577e-05 -1.423321050670516e-05 0   -3.278666262847632e-05 -4.025109518555371e-05 0  
15 253019  3.5 -4.05 0  8.5 0 0   4.463668542552875e-05 -1.380962108583992e-05 0   -3.316077903061862e-05 -4.110921420494296e-05 0  
15 241950  3.6 -4.05 0  8.6 0 0   4.555926470270217e-05 -1.171905850592698e-05 0   -3.331195014550335e-05 -4.472450284362731e-05 0  
15 229413  3.699999999999999 -4.05 0  8.699999999999999 0 0   4.890187147098355e-05 -9.726505174261629e-06 0   -3.494326242277877e-05 -4.765251057048045e-05 0  
15 215002  3.800000000000001 -4.05 0  8.800000000000001 0 0   5.00156945980807e-05 -8.020977136554471e-06 0   -3.546620013055411e-05 -5.075639041895487e-05 0  
15 226950  3.9 -4.05 0  8.9 0 0   5.230837712883428e-05 -7.297665255375386e-06 0   -3.598442248534117e-05 -5.390980213776896e-05 0  
15 217639  4 -4.05 0  9 0 0   5.323323147595708e-05 -3.73413642244325e-06 0   -3.590154324806943e-05 -5.804324718552967e-05 0  
15 254076  4.1 -4.05 0  9.1 0 0   5.697591582114235e-05 -5.635960662461401e-07 0   -3.790598283748975e-05 -6.386504105394299e-05 0  
15 231985  4.200000000000001 -4.05 0  9.200000000000001 0 0   6.09106442056063e-05 2.221832089462604e-06 0   -3.865889667985841e-05 -6.809094752562028e-05 0  
15 214864  4.300000000000001 -4.05 0  9.300000000000001 0 0   6.45940316048566e-05 7.305128565634686e-06 0   -4.099392553660701e-05 -7.594041513738284e-05 0  
15 246381  4.399999999999999 -4.05 0  9.399999999999999 0 0   6.601073976663513e-05 1.170393422820484e-05 0   -4.103876999696221e-05 -8.351688632444662e-05 0  
15 226657  4.5 -4.05 0  9.5 0 0   6.822407630653442e-05 1.7001535492583e-05 0   -4.03746438668879e-05 -9.145702469642684e-05 0  
15 237529  4.6 -4.05 0  9.6 0 0   7.313450826918453e-05 2.17429263327561e-05 0   -3.949558027861082e-05 -0.0001004159429555188 0  
15 234914  4.699999999999999 -4.05 0  9.699999999999999 0 0   7.746850627816547e-05 3.670686899861011e-05 0   -4.223485020993407e-05 -0.000124744276548263 0  
15 225769  4.800000000000001 -4.05 0  9.800000000000001 0 0   8.071472921777857e-05 4.856290013246535e-05 0   -3.174442835142226e-05 -0.000146233488177664 0  
15 217981  4.9 -4.05 0  9.9 0 0   7.826242975447545e-05 7.088869270450385e-05 0   -2.213042922023269e-05 -0.0001947167408161699 0  
15 230356  5 -4.05 0  10 0 0   4.796470709189649e-05 0.0001036411461777919 0   0.0001168034948072216 -0.0002092950555216619 0  
