15 226847  -5 -4.05 0  0 0 0   -5.297030028010574e-05 -4.585011368118952e-05 0   5.206459511997857e-05 -0.0002718050661985605 0  
15 214472  -4.9 -4.05 0  0.1 0 0   -4.147858217732475e-06 -8.198738519756693e-05 0   0.0001655928920280443 -0.0001614150936570108 0  
15 222260  -4.8 -4.05 0  0.2 0 0   2.281787499523735e-06 -6.727693269479099e-05 0   0.0001707600296682807 -8.912128458357649e-05 0  
15 231405  -4.7 -4.05 0  0.3 0 0   2.580246369581363e-05 -5.674469250020048e-05 0   0.0001340084931225755 -5.739574984582607e-05 0  
15 234020  -4.6 -4.05 0  0.4 0 0   2.686847537392012e-05 -4.102238424728843e-05 0   0.0001158310075623468 -2.475357390522084e-05 0  
15 223150  -4.5 -4.05 0  0.5 0 0   2.943970486395889e-05 -3.419545857773904e-05 0   9.096013196009493e-05 -1.983923098161644e-05 0  
15 242872  -4.4 -4.05 0  0.6 0 0   2.953059464630946e-05 -2.842743318399316e-05 0   8.053675797900332e-05 -1.195934820332617e-05 0  
15 211357  -4.3 -4.05 0  0.7000000000000001 0 0   2.902829106763566e-05 -2.32189433062753e-05 0   7.508222897721455e-05 -8.507705729819681e-06 0  
15 228476  -4.2 -4.05 0  0.8 0 0   2.651568728779044e-05 -1.804513235841368e-05 0   6.605184502581074e-05 -3.852290402617253e-06 0  
15 250569  -4.1 -4.05 0  0.8999999999999999 0 0   2.410234278155295e-05 -1.543146519223521e-05 0   5.515340327974733e-05 -1.69139286135267e-06 0  
15 214132  -4 -4.05 0  1 0 0   2.152244851058062e-05 -1.259495702780888e-05 0   4.783480994989976e-05 -9.451312141979529e-07 0  
15 223441  -3.9 -4.05 0  1.1 0 0   2.093212207634337e-05 -9.958366954079118e-06 0   4.550570814037397e-05 2.706879581437088e-06 0  
15 211493  -3.8 -4.05 0  1.2 0 0   1.943552216115974e-05 -9.408055285878986e-06 0   4.089232816920432e-05 6.552918241642391e-07 0  
15 225906  -3.7 -4.05 0  1.3 0 0   1.871262028269559e-05 -8.317376396940399e-06 0   3.906928567730568e-05 9.999353768434804e-07 0  
15 238443  -3.6 -4.05 0  1.4 0 0   1.665992467761467e-05 -7.149502310926925e-06 0   3.408673476044217e-05 2.099032743788781e-06 0  
15 249510  -3.5 -4.05 0  1.5 0 0   1.610853068577736e-05 -6.100961632980045e-06 0   3.252803669448814e-05 2.699502813740401e-06 0  
15 246749  -3.4 -4.05 0  1.6 0 0   1.527709933244782e-05 -5.909886314655471e-06 0   3.029158071098624e-05 2.732716375804245e-06 0  
15 236564  -3.3 -4.05 0  1.7 0 0   1.390005885924719e-05 -5.323351795889081e-06 0   2.718746531272642e-05 3.100091046114029e-06 0  
15 233200  -3.2 -4.05 0  1.8 0 0   1.344500221615169e-05 -4.870362681447943e-06 0   2.591881518775388e-05 3.14468580279656e-06 0  
15 216236  -3.1 -4.05 0  1.9 0 0   1.281546950962324e-05 -4.742183084240764e-06 0   2.42484116356155e-05 3.185961603674459e-06 0  
15 238607  -3 -4.05 0  2 0 0   1.210458374671652e-05 -4.016013114303829e-06 0   2.247345160027309e-05 4.487661730674664e-06 0  
15 244121  -2.9 -4.05 0  2.1 0 0   1.144011635136229e-05 -4.111883311626319e-06 0   2.057638111946369e-05 3.904427414505585e-06 0  
15 222308  -2.8 -4.05 0  2.2 0 0   1.091763213694266e-05 -3.674001920337538e-06 0   1.920941033166368e-05 4.67620868421087e-06 0  
15 213735  -2.7 -4.05 0  2.3 0 0   1.052959795229055e-05 -3.59577550389234e-06 0   1.804306602213104e-05 4.683652911074282e-06 0  
15 235090  -2.6 -4.05 0  2.4 0 0   1.006620709650095e-05 -3.700887494358096e-06 0   1.658515111064261e-05 4.051352633021449e-06 0  
15 222186  -2.5 -4.05 0  2.5 0 0   9.812526619397063e-06 -3.598825422855556e-06 0   1.581382290137892e-05 4.175477584199977e-06 0  
15 248617  -2.4 -4.05 0  2.6 0 0   9.242809900848227e-06 -3.494012045853617e-06 0   1.393418916512817e-05 4.262224977284734e-06 0  
15 235362  -2.3 -4.05 0  2.7 0 0   9.017301176496989e-06 -3.419964828756117e-06 0   1.316911567592928e-05 4.382575574394393e-06 0  
15 231135  -2.2 -4.05 0  2.8 0 0   8.757119818519551e-06 -3.370061440091665e-06 0   1.23377975338318e-05 4.424840029687571e-06 0  
15 230258  -2.1 -4.05 0  2.9 0 0   8.390723733413957e-06 -3.30876280106758e-06 0   1.085490094820951e-05 4.481311140447364e-06 0  
15 238098  -2 -4.05 0  3 0 0   8.13190058593545e-06 -3.294412669052615e-06 0   9.906149267194589e-06 4.469466966829788e-06 0  
15 214226  -1.9 -4.05 0  3.1 0 0   8.030278527479742e-06 -3.274136883880258e-06 0   9.445238778743592e-06 4.452674097992979e-06 0  
15 227646  -1.8 -4.05 0  3.2 0 0   7.724280215202356e-06 -3.158121470860781e-06 0   8.264816539128861e-06 4.880917948205804e-06 0  
15 227427  -1.7 -4.05 0  3.3 0 0   7.485075023190568e-06 -3.263329749397803e-06 0   7.152330248392721e-06 4.43348393089002e-06 0  
15 240580  -1.6 -4.05 0  3.4 0 0   7.375258833439494e-06 -3.275576108685563e-06 0   6.63004011693287e-06 4.334354435465287e-06 0  
15 215260  -1.5 -4.05 0  3.5 0 0   7.093903331317417e-06 -3.284558309654684e-06 0   5.366445585693047e-06 4.296087450634395e-06 0  
15 238879  -1.4 -4.05 0  3.6 0 0   6.945634897875114e-06 -3.306383921094364e-06 0   4.555706477726851e-06 4.21942320301058e-06 0  
15 238770  -1.3 -4.05 0  3.7 0 0   6.888274261587432e-06 -3.341906900301839e-06 0   4.182524050487177e-06 4.072381770286321e-06 0  
15 236343  -1.2 -4.05 0  3.8 0 0   6.709693179115378e-06 -3.297295985707493e-06 0   3.223884326501031e-06 4.38512104056904e-06 0  
15 239085  -1.1 -4.05 0  3.9 0 0   6.543526214661602e-06 -3.41822274498027e-06 0   2.278249160860002e-06 3.867474443666058e-06 0  
15 212990  -1 -4.05 0  4 0 0   6.471707075435609e-06 -3.482345735363046e-06 0   1.730980787531186e-06 3.611835473385505e-06 0  
15 219152  -0.9000000000000004 -4.05 0  4.1 0 0   6.369625679319979e-06 -3.491060815763447e-06 0   9.445036284645714e-07 3.87673537566996e-06 0  
15 242697  -0.7999999999999998 -4.05 0  4.2 0 0   6.260621495102897e-06 -3.613856349844735e-06 0   1.638646163829027e-07 3.313013401191195e-06 0  
15 215062  -0.7000000000000002 -4.05 0  4.3 0 0   6.213602519464581e-06 -3.678222450001142e-06 0   -2.710880727223308e-07 3.130443829449381e-06 0  
15 224960  -0.5999999999999996 -4.05 0  4.4 0 0   6.156192158678075e-06 -3.738967445252039e-06 0   -1.037253522271492e-06 3.280233028771229e-06 0  
15 211697  -0.5 -4.05 0  4.5 0 0   6.082605738760502e-06 -3.84272386399348e-06 0   -1.8057971641703e-06 2.740937486037792e-06 0  
15 233941  -0.3999999999999995 -4.05 0  4.600000000000001 0 0   6.068465484619298e-06 -3.931156675057029e-06 0   -2.131290553994761e-06 2.481653610282575e-06 0  
15 217187  -0.3000000000000007 -4.05 0  4.699999999999999 0 0   6.053357047439145e-06 -4.015432519818146e-06 0   -2.882929093242503e-06 2.614710870065678e-06 0  
15 240517  -0.2000000000000002 -4.05 0  4.8 0 0   6.020546692131479e-06 -4.128457645569822e-06 0   -3.534945807015522e-06 2.05842294992778e-06 0  
15 218048  -0.09999999999999964 -4.05 0  4.9 0 0   6.025419768603338e-06 -4.212267782452428e-06 0   -3.879061796482897e-06 1.888680608047588e-06 0  
15 224700  0 -4.05 0  5 0 0   6.075693358335941e-06 -4.32857266690484e-06 0   -4.66676254507175e-06 1.534259179130498e-06 0  
15 245587  0.09999999999999964 -4.05 0  5.1 0 0   6.08458418309421e-06 -4.444916173566849e-06 0   -5.136487209164708e-06 1.306033749405577e-06 0  
15 239172  0.2000000000000002 -4.05 0  5.2 0 0   6.127788599480724e-06 -4.521125270887799e-06 0   -5.456433175066167e-06 1.070523035988369e-06 0  
15 211083  0.3000000000000007 -4.05 0  5.300000000000001 0 0   6.204075099186523e-06 -4.667143402255214e-06 0   -5.84989462860605e-06 9.087014221295653e-07 0  
15 222385  0.4000000000000004 -4.05 0  5.4 0 0   6.300059645289457e-06 -4.715410111755941e-06 0   -6.48282591596272e-06 7.692796719464823e-07 0  
15 212324  0.5 -4.05 0  5.5 0 0   6.357971004749066e-06 -4.827998373372472e-06 0   -6.959380884066432e-06 3.931880306166924e-07 0  
15 223363  0.6000000000000005 -4.05 0  5.600000000000001 0 0   6.424893858854655e-06 -4.927170124598493e-06 0   -7.242050408967984e-06 1.6614793164893e-07 0  
15 233374  0.6999999999999993 -4.05 0  5.699999999999999 0 0   6.590197475583523e-06 -5.077632926241832e-06 0   -8.02100851406834e-06 1.74738920902251e-09 0  
15 249713  0.7999999999999998 -4.05 0  5.8 0 0   6.675954508808188e-06 -5.153654486531739e-06 0   -8.300795411371464e-06 -2.112415356143871e-07 0  
15 241690  0.8999999999999995 -4.05 0  5.899999999999999 0 0   6.818222372195759e-06 -5.290966319019402e-06 0   -8.594810138599224e-06 -4.018232125924115e-07 0  
15 226615  1 -4.05 0  6 0 0   7.039017316573873e-06 -5.372693291379183e-06 0   -9.369894893345582e-06 -7.244649815017767e-07 0  
15 245420  1.1 -4.05 0  6.1 0 0   7.149548774305209e-06 -5.47392848735534e-06 0   -9.625298363655915e-06 -8.574497119516467e-07 0  
15 221311  1.2 -4.05 0  6.2 0 0   7.405829909420958e-06 -5.655111574732335e-06 0   -1.017540136477937e-05 -7.994938211394742e-07 0  
15 227360  1.3 -4.05 0  6.3 0 0   7.591837026916029e-06 -5.623891089760746e-06 0   -1.069918417053416e-05 -1.30823174423686e-06 0  
15 249329  1.4 -4.05 0  6.4 0 0   7.751844318975264e-06 -5.680449554096301e-06 0   -1.107987326698541e-05 -1.403067728847351e-06 0  
15 212692  1.5 -4.05 0  6.5 0 0   7.94006661756011e-06 -5.768063031460005e-06 0   -1.141653369076193e-05 -1.621386820128273e-06 0  
15 243599  1.600000000000001 -4.05 0  6.600000000000001 0 0   8.292205564079669e-06 -5.852552328478727e-06 0   -1.226957796319171e-05 -1.75410820519098e-06 0  
15 227426  1.7 -4.05 0  6.7 0 0   8.44140323573439e-06 -5.930541524723845e-06 0   -1.259683668604003e-05 -1.850419596695352e-06 0  
15 227645  1.800000000000001 -4.05 0  6.800000000000001 0 0   8.779938814644506e-06 -6.112621546639635e-06 0   -1.323043946022465e-05 -1.759311908534206e-06 0  
15 214225  1.899999999999999 -4.05 0  6.899999999999999 0 0   9.114821831858813e-06 -6.03575598638606e-06 0   -1.403633879070582e-05 -2.192205944790554e-06 0  
15 238097  2 -4.05 0  7 0 0   9.2562253980015e-06 -6.085322119729619e-06 0   -1.430636759922055e-05 -2.320398221934694e-06 0  
15 230257  2.1 -4.05 0  7.1 0 0   9.531497823586296e-06 -6.111992898686497e-06 0   -1.495592692384723e-05 -2.378858933518857e-06 0  
15 231134  2.199999999999999 -4.05 0  7.199999999999999 0 0   9.984216217357594e-06 -6.148123547898565e-06 0   -1.593743546135832e-05 -2.561807410105671e-06 0  
15 235363  2.3 -4.05 0  7.3 0 0   1.021685193669866e-05 -6.200739405569367e-06 0   -1.654318828201232e-05 -2.723757819896727e-06 0  
15 248616  2.4 -4.05 0  7.4 0 0   1.044655613877468e-05 -6.204656084324994e-06 0   -1.710959816635799e-05 -2.888933245244474e-06 0  
15 222185  2.5 -4.05 0  7.5 0 0   1.099842537702518e-05 -6.252116146587133e-06 0   -1.84870162190133e-05 -3.0600031912624e-06 0  
15 235089  2.6 -4.05 0  7.6 0 0   1.122275878486304e-05 -6.273452847316285e-06 0   -1.907535148988615e-05 -3.220057706622426e-06 0  
15 213736  2.7 -4.05 0  7.7 0 0   1.16627273072864e-05 -6.535031028528926e-06 0   -2.021665143376802e-05 -2.802105350741685e-06 0  
15 222309  2.800000000000001 -4.05 0  7.800000000000001 0 0   1.199816722825819e-05 -6.590456739591355e-06 0   -2.116179823551459e-05 -2.828517165008593e-06 0  
15 244120  2.9 -4.05 0  7.9 0 0   1.235453631390215e-05 -6.502878928445893e-06 0   -2.232243471910617e-05 -3.554300860811321e-06 0  
15 238606  3 -4.05 0  8 0 0   1.288564615607377e-05 -6.766523191353152e-06 0   -2.394485968313168e-05 -3.10461979058721e-06 0  
15 216237  3.100000000000001 -4.05 0  8.100000000000001 0 0   1.334176188776473e-05 -6.589061168061489e-06 0   -2.55374902717858e-05 -4.338405456081468e-06 0  
15 233201  3.199999999999999 -4.05 0  8.199999999999999 0 0   1.380101174273864e-05 -6.660832710184139e-06 0   -2.703425956221157e-05 -4.424687230282498e-06 0  
15 236563  3.299999999999999 -4.05 0  8.299999999999999 0 0   1.41713363978925e-05 -6.968920475435014e-06 0   -2.818506358431144e-05 -4.627411215148841e-06 0  
15 246748  3.4 -4.05 0  8.4 0 0   1.488265312770028e-05 -7.207324200710075e-06 0   -3.116096743560962e-05 -5.155055642126066e-06 0  
15 249511  3.5 -4.05 0  8.5 0 0   1.551638683564872e-05 -7.332066660550862e-06 0   -3.328950835148909e-05 -5.262341657479019e-06 0  
15 238442  3.6 -4.05 0  8.6 0 0   1.59936348296183e-05 -7.794530934628063e-06 0   -3.475540921373671e-05 -6.209649463548989e-06 0  
15 225905  3.699999999999999 -4.05 0  8.699999999999999 0 0   1.730437457708213e-05 -8.052171426485566e-06 0   -3.965046596561723e-05 -7.634301423684042e-06 0  
15 211494  3.800000000000001 -4.05 0  8.800000000000001 0 0   1.781018139774236e-05 -8.685589622166659e-06 0   -4.144116909479169e-05 -8.44926283094169e-06 0  
15 223442  3.9 -4.05 0  8.9 0 0   1.933435720117768e-05 -1.031564736415566e-05 0   -4.583435902037053e-05 -7.110901957010224e-06 0  
15 214131  4 -4.05 0  9 0 0   2.024234879702963e-05 -1.022401095240183e-05 0   -4.797444024767089e-05 -1.138303485968134e-05 0  
15 250568  4.1 -4.05 0  9.1 0 0   2.253403413818647e-05 -1.200190416525415e-05 0   -5.510929119268565e-05 -1.352642590903702e-05 0  
15 228477  4.200000000000001 -4.05 0  9.200000000000001 0 0   2.70754164551463e-05 -1.277101679753034e-05 0   -6.498945268893289e-05 -1.668801656198871e-05 0  
15 211356  4.300000000000001 -4.05 0  9.300000000000001 0 0   3.042866440608645e-05 -1.409682425781988e-05 0   -7.348934426853679e-05 -2.328688953370101e-05 0  
15 242873  4.399999999999999 -4.05 0  9.399999999999999 0 0   3.325497798842628e-05 -1.617621681174533e-05 0   -7.805006394322883e-05 -2.900195594696467e-05 0  
15 223149  4.5 -4.05 0  9.5 0 0   3.948498325619457e-05 -1.609706192818444e-05 0   -8.615227478370874e-05 -3.854378922990911e-05 0  
15 234021  4.6 -4.05 0  9.6 0 0   5.614990879810071e-05 -1.862749527487342e-05 0   -0.0001040984928670379 -4.64150527002688e-05 0  
15 231406  4.699999999999999 -4.05 0  9.699999999999999 0 0   6.7616896456478e-05 -1.209795960202195e-05 0   -0.0001177220542426562 -8.133220018818194e-05 0  
15 222261  4.800000000000001 -4.05 0  9.800000000000001 0 0   0.0001076433048663407 -2.204218015607745e-06 0   -0.0001326454821771687 -0.0001125415913811253 0  
15 214473  4.9 -4.05 0  9.9 0 0   0.0001099778301825814 2.699977685663435e-05 0   -0.000124722262094229 -0.0001783436183333542 0  
15 226848  5 -4.05 0  10 0 0   8.893580970698034e-05 0.0001195852000626108 0   -5.101582394251292e-06 -0.0002440905084319378 0  
