15 322607  -3 -4.05 0  0 0 0   -2.642916856504529e-06 5.060406479453355e-05 0   -6.780830197939888e-05 -0.0002384323942247833 0  
15 287416  -2.94 -4.05 0  0.06 0 0   -3.944230260942427e-05 4.110397136568994e-05 0   3.143105971887064e-05 -0.0002343668644024322 0  
15 272570  -2.88 -4.05 0  0.12 0 0   -4.216066926733281e-05 1.347823744845579e-05 0   4.485125113571492e-05 -0.0001735686522090667 0  
15 318219  -2.82 -4.05 0  0.18 0 0   -4.53453786288835e-05 6.247941861482927e-06 0   5.651980007306931e-05 -0.0001601149733766747 0  
15 284972  -2.76 -4.05 0  0.24 0 0   -4.131138167974297e-05 -2.21665899744275e-06 0   5.847951389640477e-05 -0.0001411122980231137 0  
15 299031  -2.7 -4.05 0  0.3 0 0   -4.152037824164956e-05 -1.127986517972072e-05 0   6.305799402428426e-05 -0.0001197629475875256 0  
15 274055  -2.64 -4.05 0  0.36 0 0   -3.819889310351739e-05 -1.610486422035616e-05 0   6.185655359180895e-05 -0.0001066029014379975 0  
15 295066  -2.58 -4.05 0  0.42 0 0   -3.46903530417126e-05 -1.853336451911221e-05 0   6.033877039334293e-05 -0.0001002597196054409 0  
15 312327  -2.52 -4.05 0  0.48 0 0   -3.33523616372589e-05 -2.40111724758062e-05 0   6.023245525499126e-05 -8.726974781059736e-05 0  
15 264667  -2.46 -4.05 0  0.54 0 0   -2.979589272469885e-05 -2.584470075647077e-05 0   5.646535124871318e-05 -8.222366300279478e-05 0  
15 315777  -2.4 -4.05 0  0.6000000000000001 0 0   -2.89017333698011e-05 -2.767248327155067e-05 0   5.626640429271836e-05 -7.613048861392557e-05 0  
15 318730  -2.34 -4.05 0  0.66 0 0   -2.600440664404964e-05 -2.998661457848887e-05 0   5.411102168946871e-05 -6.934956409613332e-05 0  
15 282630  -2.28 -4.05 0  0.72 0 0   -2.456313232993609e-05 -3.168228350784643e-05 0   5.469910889503108e-05 -6.302764648909685e-05 0  
15 294002  -2.22 -4.05 0  0.78 0 0   -2.228431618392888e-05 -3.193104737194297e-05 0   5.141800805488978e-05 -5.999346177390161e-05 0  
15 282365  -2.16 -4.05 0  0.8400000000000001 0 0   -1.972380469780072e-05 -3.266242323843403e-05 0   4.75272412171642e-05 -5.801993345931969e-05 0  
15 309036  -2.1 -4.05 0  0.8999999999999999 0 0   -1.875496549480913e-05 -3.436136678429662e-05 0   4.7448948707906e-05 -5.21054276995149e-05 0  
15 304572  -2.04 -4.05 0  0.96 0 0   -1.659867338225061e-05 -3.488536916410739e-05 0   4.487354664285421e-05 -5.000469716360569e-05 0  
15 303812  -1.98 -4.05 0  1.02 0 0   -1.492905112823654e-05 -3.498120134368121e-05 0   4.258461885976623e-05 -4.630621988478949e-05 0  
15 301018  -1.92 -4.05 0  1.08 0 0   -1.327775702765271e-05 -3.6186535781111e-05 0   4.074390784021944e-05 -4.312429961359811e-05 0  
15 287084  -1.86 -4.05 0  1.14 0 0   -1.188931380753308e-05 -3.64545087004264e-05 0   3.879442551502511e-05 -4.115753821164279e-05 0  
15 290393  -1.8 -4.05 0  1.2 0 0   -1.048330882372694e-05 -3.695330265965878e-05 0   3.785394922213364e-05 -3.789921875853221e-05 0  
15 296311  -1.74 -4.05 0  1.26 0 0   -8.558114332118082e-06 -3.706130657727021e-05 0   3.483467056807771e-05 -3.683251825325334e-05 0  
15 275601  -1.68 -4.05 0  1.32 0 0   -7.612229429523713e-06 -3.68592252914671e-05 0   3.326222608389297e-05 -3.479285465830817e-05 0  
15 300354  -1.62 -4.05 0  1.38 0 0   -6.866295397304177e-06 -3.71309776546298e-05 0   3.300368130752102e-05 -3.355237430181356e-05 0  
15 289665  -1.56 -4.05 0  1.44 0 0   -5.111621381908953e-06 -3.773263473369828e-05 0   3.032385037939154e-05 -3.092076801444917e-05 0  
15 275025  -1.5 -4.05 0  1.5 0 0   -3.885469564725123e-06 -3.769091039323817e-05 0   2.8259041462544e-05 -3.026152307781388e-05 0  
15 283594  -1.44 -4.05 0  1.56 0 0   -2.760407408360283e-06 -3.788017462685866e-05 0   2.71587091653458e-05 -2.812691853302986e-05 0  
15 291152  -1.38 -4.05 0  1.62 0 0   -1.063310282179222e-06 -3.787941476203222e-05 0   2.447122956577598e-05 -2.747232844621701e-05 0  
15 279101  -1.32 -4.05 0  1.68 0 0   -4.315969556805896e-07 -3.731518631438623e-05 0   2.346768589984397e-05 -2.752524857462055e-05 0  
15 296188  -1.26 -4.05 0  1.74 0 0   7.344642478940983e-07 -3.767180843987751e-05 0   2.150771479883171e-05 -2.603595611578961e-05 0  
15 279359  -1.2 -4.05 0  1.8 0 0   1.45655136940797e-06 -3.772620381991935e-05 0   2.070880688320167e-05 -2.456748860024931e-05 0  
15 271261  -1.14 -4.05 0  1.86 0 0   2.731347395642375e-06 -3.773601982501578e-05 0   1.846345855189635e-05 -2.400983779583376e-05 0  
15 309241  -1.08 -4.05 0  1.92 0 0   3.711224977091419e-06 -3.776184963243806e-05 0   1.730515482996153e-05 -2.275327589560793e-05 0  
15 309368  -1.02 -4.05 0  1.98 0 0   4.880075047704671e-06 -3.775819966346169e-05 0   1.538617009701291e-05 -2.242076278139923e-05 0  
15 311909  -0.96 -4.05 0  2.04 0 0   5.954799478701846e-06 -3.756156863859213e-05 0   1.37659918028098e-05 -2.203635277747175e-05 0  
15 266184  -0.9000000000000004 -4.05 0  2.1 0 0   6.64703895130337e-06 -3.738829063731214e-05 0   1.258645946266949e-05 -2.186183777398189e-05 0  
15 284550  -0.8399999999999999 -4.05 0  2.16 0 0   7.610524848740766e-06 -3.726978193410984e-05 0   1.105892141517505e-05 -2.115954676138333e-05 0  
15 264674  -0.7800000000000002 -4.05 0  2.22 0 0   8.405948360408824e-06 -3.711045471198413e-05 0   9.801240931078294e-06 -2.119737166140622e-05 0  
15 265670  -0.7199999999999998 -4.05 0  2.28 0 0   9.327195726868687e-06 -3.710890989741013e-05 0   8.655994672824565e-06 -2.049280776441308e-05 0  
15 282689  -0.6600000000000001 -4.05 0  2.34 0 0   1.025402501526711e-05 -3.710211492569809e-05 0   7.079630779881132e-06 -2.02785658322234e-05 0  
15 311120  -0.5999999999999996 -4.05 0  2.4 0 0   1.11553617028878e-05 -3.671703828162301e-05 0   5.862476975286232e-06 -2.040507425566957e-05 0  
15 299805  -0.54 -4.05 0  2.46 0 0   1.215461316130852e-05 -3.66838060866367e-05 0   4.292286612753854e-06 -2.033350087013268e-05 0  
15 263799  -0.48 -4.05 0  2.52 0 0   1.308149336150233e-05 -3.665947666964091e-05 0   2.968206887544418e-06 -2.011593939729803e-05 0  
15 282968  -0.4199999999999999 -4.05 0  2.58 0 0   1.386232601356587e-05 -3.651632085730459e-05 0   1.735224896382871e-06 -2.008277754222444e-05 0  
15 262885  -0.3599999999999999 -4.05 0  2.64 0 0   1.493128496242273e-05 -3.60492849215549e-05 0   1.54925165978155e-07 -2.056733988916714e-05 0  
15 286816  -0.2999999999999998 -4.05 0  2.7 0 0   1.594247147002764e-05 -3.593398783084505e-05 0   -1.229014985719423e-06 -2.065614669263631e-05 0  
15 276090  -0.2399999999999998 -4.05 0  2.76 0 0   1.635087420260098e-05 -3.552385453048715e-05 0   -1.79684808334149e-06 -2.117580856831648e-05 0  
15 272788  -0.1800000000000002 -4.05 0  2.82 0 0   1.733804588344504e-05 -3.553032717695716e-05 0   -3.167769281985436e-06 -2.115074996584566e-05 0  
15 286365  -0.1200000000000001 -4.05 0  2.88 0 0   1.796851738445834e-05 -3.554921472229133e-05 0   -4.024223881669104e-06 -2.116224265279795e-05 0  
15 275118  -0.06000000000000005 -4.05 0  2.94 0 0   1.870327406133018e-05 -3.537715542610304e-05 0   -4.989266986161426e-06 -2.144125573338897e-05 0  
15 313149  0 -4.05 0  3 0 0   1.981883717428606e-05 -3.471221283542388e-05 0   -6.432985132582072e-06 -2.239534290511894e-05 0  
15 288081  0.06000000000000005 -4.05 0  3.06 0 0   2.067379647250223e-05 -3.474068521539236e-05 0   -7.499499870993777e-06 -2.259668648779082e-05 0  
15 305324  0.1200000000000001 -4.05 0  3.12 0 0   2.151018120305319e-05 -3.456989186192343e-05 0   -8.522956286114922e-06 -2.290896352597827e-05 0  
15 306887  0.1800000000000002 -4.05 0  3.18 0 0   2.217095363496457e-05 -3.411740509096269e-05 0   -9.377799305753179e-06 -2.377095688052729e-05 0  
15 273676  0.2400000000000002 -4.05 0  3.24 0 0   2.316284491832819e-05 -3.360098612132691e-05 0   -1.04596591649997e-05 -2.470516660378272e-05 0  
15 275351  0.3000000000000003 -4.05 0  3.3 0 0   2.436378838937235e-05 -3.344662825492651e-05 0   -1.192744067916342e-05 -2.508294725683314e-05 0  
15 310734  0.3600000000000003 -4.05 0  3.36 0 0   2.503945016205187e-05 -3.316489768293712e-05 0   -1.264603266321225e-05 -2.566727407019281e-05 0  
15 294858  0.4199999999999999 -4.05 0  3.42 0 0   2.618989350458567e-05 -3.294879833537815e-05 0   -1.392813433675685e-05 -2.631890193535952e-05 0  
15 315308  0.4799999999999995 -4.05 0  3.48 0 0   2.674081235834284e-05 -3.269224381076234e-05 0   -1.429920061773483e-05 -2.716986227351351e-05 0  
15 284111  0.54 -4.05 0  3.54 0 0   2.790861649787889e-05 -3.248687519162401e-05 0   -1.560088034524738e-05 -2.752879698083438e-05 0  
15 285110  0.5999999999999996 -4.05 0  3.6 0 0   2.90107403752779e-05 -3.217801571592759e-05 0   -1.640992854259719e-05 -2.853313224842561e-05 0  
15 314292  0.6600000000000001 -4.05 0  3.66 0 0   2.98304207906764e-05 -3.21152535485399e-05 0   -1.733022920344732e-05 -2.89414937140629e-05 0  
15 301197  0.7199999999999998 -4.05 0  3.72 0 0   3.033935573009371e-05 -3.114504320581024e-05 0   -1.771234462072217e-05 -3.058528633787883e-05 0  
15 317993  0.7800000000000002 -4.05 0  3.78 0 0   3.137061001690263e-05 -3.113928210951925e-05 0   -1.860248680972745e-05 -3.121141750186355e-05 0  
15 281832  0.8399999999999999 -4.05 0  3.84 0 0   3.282374885006829e-05 -3.091217940241579e-05 0   -1.98911469579191e-05 -3.1774315023153e-05 0  
15 279925  0.9000000000000004 -4.05 0  3.9 0 0   3.374401418295998e-05 -3.030014450120834e-05 0   -2.032200649419941e-05 -3.337009707277388e-05 0  
15 286452  0.96 -4.05 0  3.96 0 0   3.439942009280869e-05 -2.955420819759306e-05 0   -2.079915723084223e-05 -3.4615191757968e-05 0  
15 289978  1.02 -4.05 0  4.02 0 0   3.522075615642987e-05 -2.956098364559692e-05 0   -2.170357215675159e-05 -3.512518192487751e-05 0  
15 269921  1.08 -4.05 0  4.08 0 0   3.635907321958721e-05 -2.922938582442056e-05 0   -2.213300242917288e-05 -3.598028788630997e-05 0  
15 304141  1.14 -4.05 0  4.14 0 0   3.786853053578017e-05 -2.8808935317386e-05 0   -2.343489088558115e-05 -3.742924367686022e-05 0  
15 315525  1.199999999999999 -4.05 0  4.199999999999999 0 0   3.925434738014273e-05 -2.801371634883129e-05 0   -2.413117875655658e-05 -3.875289831111557e-05 0  
15 322772  1.26 -4.05 0  4.26 0 0   4.039160210135215e-05 -2.701761805451279e-05 0   -2.510793384916197e-05 -4.04225671491636e-05 0  
15 295078  1.32 -4.05 0  4.32 0 0   4.153128328677341e-05 -2.694694778863938e-05 0   -2.547871287509641e-05 -4.157526450940379e-05 0  
15 281213  1.38 -4.05 0  4.38 0 0   4.221645795609002e-05 -2.624768547080693e-05 0   -2.583405293755817e-05 -4.290656323360006e-05 0  
15 280380  1.44 -4.05 0  4.44 0 0   4.361757160063935e-05 -2.571122611215101e-05 0   -2.633464956660388e-05 -4.403676753512303e-05 0  
15 283215  1.5 -4.05 0  4.5 0 0   4.518995532091456e-05 -2.474430094702613e-05 0   -2.75965783989242e-05 -4.636613067452409e-05 0  
15 300849  1.56 -4.05 0  4.56 0 0   4.695219137976041e-05 -2.425264185341829e-05 0   -2.832639433848066e-05 -4.728447156036007e-05 0  
15 288136  1.62 -4.05 0  4.62 0 0   4.773736821280308e-05 -2.202623163404058e-05 0   -2.836640940888455e-05 -4.997156697347029e-05 0  
15 265059  1.68 -4.05 0  4.68 0 0   4.863457313044055e-05 -2.175101409476049e-05 0   -2.885965466849411e-05 -5.147469915977622e-05 0  
15 273525  1.74 -4.05 0  4.74 0 0   5.037018052372281e-05 -2.056483812487662e-05 0   -2.936629865711669e-05 -5.373816727473682e-05 0  
15 292478  1.800000000000001 -4.05 0  4.800000000000001 0 0   5.156495317458617e-05 -2.018746070601291e-05 0   -3.035429172438446e-05 -5.489837415088156e-05 0  
15 261074  1.86 -4.05 0  4.86 0 0   5.30500635351084e-05 -1.882929588058104e-05 0   -3.060519433154083e-05 -5.724284079656593e-05 0  
15 275777  1.92 -4.05 0  4.92 0 0   5.494196204267401e-05 -1.819864638735041e-05 0   -3.111536633981348e-05 -5.916183443977104e-05 0  
15 284862  1.98 -4.05 0  4.98 0 0   5.675390903754456e-05 -1.675990271481249e-05 0   -3.122111000316598e-05 -6.141092663224535e-05 0  
15 295383  2.04 -4.05 0  5.04 0 0   5.84459679075105e-05 -1.482232930856593e-05 0   -3.246374284568074e-05 -6.471835394590564e-05 0  
15 301375  2.1 -4.05 0  5.1 0 0   6.098032603508302e-05 -1.391468740939185e-05 0   -3.361953256886957e-05 -6.607032548366617e-05 0  
15 261852  2.16 -4.05 0  5.16 0 0   6.218319275423309e-05 -1.209761938559661e-05 0   -3.266666365287114e-05 -6.894138502509459e-05 0  
15 305636  2.22 -4.05 0  5.22 0 0   6.429030293508223e-05 -9.784803930391536e-06 0   -3.365171152089775e-05 -7.403303400731025e-05 0  
15 312171  2.28 -4.05 0  5.28 0 0   6.545108236014237e-05 -7.592534111039093e-06 0   -3.361872259966675e-05 -7.680144723716097e-05 0  
15 267009  2.34 -4.05 0  5.34 0 0   6.816131189575809e-05 -6.312521054347743e-06 0   -3.358945397602398e-05 -7.88729119116623e-05 0  
15 269677  2.4 -4.05 0  5.4 0 0   7.216154432754165e-05 -1.754066549576258e-06 0   -3.664730019013566e-05 -8.669668121060944e-05 0  
15 305378  2.46 -4.05 0  5.46 0 0   7.33784681862179e-05 -3.400776383451209e-07 0   -3.451848145744583e-05 -8.927990044406767e-05 0  
15 304328  2.52 -4.05 0  5.52 0 0   7.381965724566342e-05 4.70778026596258e-06 0   -3.289135771997968e-05 -9.620624721907479e-05 0  
15 300699  2.58 -4.05 0  5.58 0 0   7.513306470252439e-05 5.857474852850788e-06 0   -3.147893355257177e-05 -9.843725751748156e-05 0  
15 285482  2.64 -4.05 0  5.64 0 0   7.84208523512131e-05 1.066737561211586e-05 0   -3.134288885247791e-05 -0.000107053571430411 0  
15 276939  2.699999999999999 -4.05 0  5.699999999999999 0 0   7.946391819377372e-05 1.458669356834818e-05 0   -3.037934240613435e-05 -0.0001141041702264747 0  
15 290916  2.76 -4.05 0  5.76 0 0   8.478081345499584e-05 2.321661857316269e-05 0   -3.188567606651876e-05 -0.0001308731537265195 0  
15 279567  2.82 -4.05 0  5.82 0 0   8.580452120220475e-05 2.723302913794183e-05 0   -2.458506328625182e-05 -0.0001393916751150533 0  
15 305508  2.88 -4.05 0  5.88 0 0   9.013277280842981e-05 3.515138330980466e-05 0   -2.136676006626523e-05 -0.0001532501229768862 0  
15 269471  2.94 -4.05 0  5.94 0 0   9.227440105266486e-05 4.380288110769799e-05 0   1.527119351904527e-06 -0.0001795928423294346 0  
15 272522  3 -4.05 0  6 0 0   9.500923746560974e-05 7.191250161113494e-05 0   7.385451302960311e-05 -0.0001907855624712421 0  
