15 217059  -1 -4.05 0  0 0 0   2.459664669163253e-07 4.685928060665923e-05 0   2.312999482728673e-05 -0.0001587704083514385 0  
15 197526  -0.98 -4.05 0  0.02 0 0   -1.972988953427568e-05 4.224479694146799e-05 0   4.150194556251652e-05 -0.0001561684935606766 0  
15 214298  -0.96 -4.05 0  0.04 0 0   -3.059704007692815e-05 3.104509794876753e-05 0   5.254721997261652e-05 -0.0001475563327732465 0  
15 230511  -0.9399999999999999 -4.05 0  0.06 0 0   -3.518009516151679e-05 2.051710507586235e-05 0   5.895687617426398e-05 -0.0001389719570028258 0  
15 239902  -0.92 -4.05 0  0.08 0 0   -3.580506810412984e-05 8.484483350411354e-06 0   6.307540349265867e-05 -0.0001283764672418558 0  
15 247437  -0.9 -4.05 0  0.1 0 0   -3.498471411603893e-05 -1.662110239310233e-06 0   6.639341213306171e-05 -0.0001198111059154822 0  
15 260946  -0.88 -4.05 0  0.12 0 0   -3.252990876841111e-05 -8.728454234857574e-06 0   6.570196212045409e-05 -0.0001128179351954223 0  
15 257133  -0.86 -4.05 0  0.14 0 0   -3.353837609677141e-05 -1.450854763102027e-05 0   7.016780543007972e-05 -0.0001061941382414257 0  
15 218281  -0.84 -4.05 0  0.16 0 0   -2.802513730918689e-05 -1.988524450474011e-05 0   6.774702947621262e-05 -9.989813890308452e-05 0  
15 217376  -0.8200000000000001 -4.05 0  0.18 0 0   -2.673477292407939e-05 -2.466127415500646e-05 0   6.885868027944886e-05 -9.352991831279925e-05 0  
15 209861  -0.8 -4.05 0  0.2 0 0   -2.23565693750951e-05 -2.85991322037521e-05 0   6.696436423969145e-05 -8.745326659631569e-05 0  
15 226498  -0.78 -4.05 0  0.22 0 0   -2.137459305000949e-05 -3.232765877636936e-05 0   6.8139723803054e-05 -8.257432971276683e-05 0  
15 176927  -0.76 -4.05 0  0.24 0 0   -1.668479292524228e-05 -3.637448345820277e-05 0   6.467156157506648e-05 -7.690063502563405e-05 0  
15 254821  -0.74 -4.05 0  0.26 0 0   -1.469668635328131e-05 -3.679816358930638e-05 0   6.419537726697067e-05 -7.407514450149047e-05 0  
15 218510  -0.72 -4.05 0  0.28 0 0   -1.132380354859977e-05 -3.918644502937801e-05 0   6.247527178838974e-05 -6.882786764907112e-05 0  
15 199276  -0.7 -4.05 0  0.3 0 0   -8.890215575950433e-06 -3.983938383470519e-05 0   6.057537809189828e-05 -6.690752875733799e-05 0  
15 241359  -0.6799999999999999 -4.05 0  0.32 0 0   -6.169374464959354e-06 -4.225979657418617e-05 0   5.920611565231326e-05 -6.256175068624151e-05 0  
15 234528  -0.6599999999999999 -4.05 0  0.34 0 0   -3.921087711113158e-06 -4.464767641138706e-05 0   5.702013116883065e-05 -5.795526632750014e-05 0  
15 193753  -0.64 -4.05 0  0.36 0 0   9.95899583217108e-08 -4.456627905070204e-05 0   5.382420934037235e-05 -5.552800316308698e-05 0  
15 200635  -0.62 -4.05 0  0.38 0 0   4.183055703557703e-07 -4.564448266070054e-05 0   5.321517872306294e-05 -5.346767418838716e-05 0  
15 187724  -0.6 -4.05 0  0.4 0 0   2.372360031512033e-06 -4.545296494964934e-05 0   5.231987905823104e-05 -5.122751789016916e-05 0  
15 241879  -0.5800000000000001 -4.05 0  0.42 0 0   5.687119512379907e-06 -4.605123478073486e-05 0   4.881092833678574e-05 -4.871751672672758e-05 0  
15 196046  -0.5600000000000001 -4.05 0  0.44 0 0   6.80981243399853e-06 -4.595033098188112e-05 0   4.766448002509194e-05 -4.746517481513113e-05 0  
15 238813  -0.54 -4.05 0  0.46 0 0   7.949341988888747e-06 -4.713989432181265e-05 0   4.662986184009177e-05 -4.410689515783883e-05 0  
15 235641  -0.52 -4.05 0  0.48 0 0   1.031730889275613e-05 -4.656260340564489e-05 0   4.38249251392131e-05 -4.294149264408298e-05 0  
15 177868  -0.5 -4.05 0  0.5 0 0   1.197212740343401e-05 -4.713324426907153e-05 0   4.250593678246928e-05 -4.083021496600545e-05 0  
15 208434  -0.48 -4.05 0  0.52 0 0   1.372379624478212e-05 -4.739689593704494e-05 0   4.075981464265327e-05 -3.937205190406717e-05 0  
15 199772  -0.46 -4.05 0  0.54 0 0   1.530609523216556e-05 -4.698650034984375e-05 0   3.813551191575448e-05 -3.803431679817032e-05 0  
15 219149  -0.4399999999999999 -4.05 0  0.5600000000000001 0 0   1.644888733981498e-05 -4.716122814947196e-05 0   3.684639707255549e-05 -3.676585416848704e-05 0  
15 219844  -0.42 -4.05 0  0.58 0 0   1.908692641496706e-05 -4.737801163685884e-05 0   3.342810458795836e-05 -3.484748821221129e-05 0  
15 192026  -0.4 -4.05 0  0.6 0 0   1.983664306465498e-05 -4.723030395373945e-05 0   3.178647424657323e-05 -3.345369775076268e-05 0  
15 181754  -0.38 -4.05 0  0.62 0 0   2.076843634765679e-05 -4.729553985929197e-05 0   3.116582851618588e-05 -3.269251163328518e-05 0  
15 247155  -0.36 -4.05 0  0.64 0 0   2.298622107441486e-05 -4.725607804209261e-05 0   2.72071535803442e-05 -3.115899694838137e-05 0  
15 224816  -0.34 -4.05 0  0.66 0 0   2.373920252118911e-05 -4.702018164592578e-05 0   2.60362743279216e-05 -3.04762136704162e-05 0  
15 175832  -0.32 -4.05 0  0.68 0 0   2.510145522232124e-05 -4.681222224480266e-05 0   2.386749903375562e-05 -2.988003048412513e-05 0  
15 251597  -0.3 -4.05 0  0.7 0 0   2.630653393483756e-05 -4.610555444305511e-05 0   2.228339364893084e-05 -2.997652375810907e-05 0  
15 223473  -0.28 -4.05 0  0.72 0 0   2.786801861605868e-05 -4.64002841215061e-05 0   1.956812275147497e-05 -2.850073234775263e-05 0  
15 228062  -0.26 -4.05 0  0.74 0 0   2.867180613589163e-05 -4.647299429599849e-05 0   1.88277705548065e-05 -2.784623272180514e-05 0  
15 189281  -0.24 -4.05 0  0.76 0 0   3.008040132355255e-05 -4.621430126905413e-05 0   1.619031784960007e-05 -2.720621905197285e-05 0  
15 255128  -0.22 -4.05 0  0.78 0 0   3.09197217255551e-05 -4.561162094237486e-05 0   1.484285311360856e-05 -2.71300319198281e-05 0  
15 231831  -0.2 -4.05 0  0.8 0 0   3.180890493689748e-05 -4.549198702566513e-05 0   1.325383294746574e-05 -2.693457817539227e-05 0  
15 223685  -0.18 -4.05 0  0.82 0 0   3.310794679334955e-05 -4.520420379908185e-05 0   1.096666453796746e-05 -2.641094894914597e-05 0  
15 192624  -0.16 -4.05 0  0.84 0 0   3.393922190119553e-05 -4.490567381902622e-05 0   9.295198957447182e-06 -2.622843458939192e-05 0  
15 217554  -0.14 -4.05 0  0.86 0 0   3.46382544011272e-05 -4.489706699406515e-05 0   8.162027018854853e-06 -2.587522760122418e-05 0  
15 252777  -0.12 -4.05 0  0.88 0 0   3.573563987442299e-05 -4.466754849340865e-05 0   6.071791944778815e-06 -2.567006398243588e-05 0  
15 237635  -0.09999999999999998 -4.05 0  0.9 0 0   3.696866133219567e-05 -4.45067793068063e-05 0   3.901564265898494e-06 -2.541786129054563e-05 0  
15 211044  -0.07999999999999996 -4.05 0  0.92 0 0   3.830469170165718e-05 -4.431392656756294e-05 0   1.568207123006649e-06 -2.555057275476294e-05 0  
15 178645  -0.06000000000000005 -4.05 0  0.9399999999999999 0 0   3.898839081941177e-05 -4.39695377269303e-05 0   2.983042537638148e-07 -2.584929911107758e-05 0  
15 249488  -0.04000000000000004 -4.05 0  0.96 0 0   3.977667151521674e-05 -4.355425481981576e-05 0   -1.27559251349163e-06 -2.61847438953397e-05 0  
15 241994  -0.02000000000000002 -4.05 0  0.98 0 0   4.091896578645345e-05 -4.344887818221593e-05 0   -3.26756505406034e-06 -2.628742610497059e-05 0  
15 238899  0 -4.05 0  1 0 0   4.229903257643025e-05 -4.341305954677806e-05 0   -5.70622153759498e-06 -2.611452284510818e-05 0  
15 182256  0.02000000000000002 -4.05 0  1.02 0 0   4.287052447932843e-05 -4.286923146698367e-05 0   -6.721577320033256e-06 -2.698322679928547e-05 0  
15 176982  0.04000000000000004 -4.05 0  1.04 0 0   4.392314547217377e-05 -4.351969780763687e-05 0   -8.515564386402802e-06 -2.578194685226576e-05 0  
15 241583  0.06000000000000005 -4.05 0  1.06 0 0   4.484946228660875e-05 -4.280013621836554e-05 0   -1.009062138533114e-05 -2.702102036415688e-05 0  
15 180077  0.08000000000000007 -4.05 0  1.08 0 0   4.593861106227948e-05 -4.24536456260019e-05 0   -1.196199284782956e-05 -2.769107096233653e-05 0  
15 224566  0.1000000000000001 -4.05 0  1.1 0 0   4.681888192625827e-05 -4.227626928716283e-05 0   -1.342843094789478e-05 -2.80927128009506e-05 0  
15 208937  0.1200000000000001 -4.05 0  1.12 0 0   4.768983181611258e-05 -4.198493159621695e-05 0   -1.477461499603538e-05 -2.879802637906215e-05 0  
15 200405  0.1399999999999999 -4.05 0  1.14 0 0   4.904240418598244e-05 -4.177003768281173e-05 0   -1.695451879393101e-05 -2.928295865182312e-05 0  
15 236887  0.1599999999999999 -4.05 0  1.16 0 0   5.030413080875634e-05 -4.19117447962164e-05 0   -1.891240339551431e-05 -2.935092311735776e-05 0  
15 262836  0.1799999999999999 -4.05 0  1.18 0 0   5.148482278322791e-05 -4.161840880812645e-05 0   -2.057250143623623e-05 -3.021316997618359e-05 0  
15 208259  0.2 -4.05 0  1.2 0 0   5.27106169969753e-05 -4.10627474280896e-05 0   -2.246375039238052e-05 -3.146047004102398e-05 0  
15 200722  0.22 -4.05 0  1.22 0 0   5.359877907467475e-05 -4.056199993861948e-05 0   -2.36192796752438e-05 -3.255118507058258e-05 0  
15 210332  0.24 -4.05 0  1.24 0 0   5.458383885778052e-05 -4.047588578613009e-05 0   -2.478044244829877e-05 -3.349369422266102e-05 0  
15 253143  0.26 -4.05 0  1.26 0 0   5.593631306040001e-05 -4.034123119471544e-05 0   -2.655216766438498e-05 -3.393469192440601e-05 0  
15 195565  0.28 -4.05 0  1.28 0 0   5.727797821823005e-05 -3.949697503045219e-05 0   -2.830070460774908e-05 -3.564409541986606e-05 0  
15 249356  0.3 -4.05 0  1.3 0 0   5.836570986653827e-05 -3.967605338038235e-05 0   -2.991924574133331e-05 -3.646604618368077e-05 0  
15 251052  0.3200000000000001 -4.05 0  1.32 0 0   5.993180200437875e-05 -3.953557025498933e-05 0   -3.185172172814887e-05 -3.700445017243426e-05 0  
15 247947  0.3400000000000001 -4.05 0  1.34 0 0   6.094736091297095e-05 -3.863764889402294e-05 0   -3.26902698552468e-05 -3.923241089706653e-05 0  
15 247391  0.3600000000000001 -4.05 0  1.36 0 0   6.26850970982043e-05 -3.843903991242008e-05 0   -3.473821781305175e-05 -3.983894842361606e-05 0  
15 252059  0.3799999999999999 -4.05 0  1.38 0 0   6.441686744228931e-05 -3.831766373892792e-05 0   -3.635412291028151e-05 -4.100957675885752e-05 0  
15 187375  0.3999999999999999 -4.05 0  1.4 0 0   6.461530488147821e-05 -3.781670946602367e-05 0   -3.611806003396556e-05 -4.21576670740012e-05 0  
15 244086  0.4199999999999999 -4.05 0  1.42 0 0   6.751667798584465e-05 -3.73314681238017e-05 0   -3.934000721682318e-05 -4.411166389146903e-05 0  
15 197696  0.4399999999999999 -4.05 0  1.44 0 0   6.854341967042527e-05 -3.574279957592463e-05 0   -4.011404446557613e-05 -4.717835767201195e-05 0  
15 228845  0.46 -4.05 0  1.46 0 0   7.058745933089666e-05 -3.62272609850502e-05 0   -4.183306712679524e-05 -4.779142812241961e-05 0  
15 222254  0.48 -4.05 0  1.48 0 0   7.223240297350372e-05 -3.480705619723912e-05 0   -4.355186562491134e-05 -5.035904426285709e-05 0  
15 258023  0.5 -4.05 0  1.5 0 0   7.374998780008968e-05 -3.45024717100656e-05 0   -4.499901634791997e-05 -5.132871184905519e-05 0  
15 219790  0.52 -4.05 0  1.52 0 0   7.592472031062864e-05 -3.383581146120668e-05 0   -4.585779252566646e-05 -5.312003390597203e-05 0  
15 265395  0.54 -4.05 0  1.54 0 0   7.72763533961867e-05 -3.250742455499639e-05 0   -4.710951736762795e-05 -5.594242881178102e-05 0  
15 207328  0.5600000000000001 -4.05 0  1.56 0 0   7.915616537820802e-05 -3.104195183264644e-05 0   -4.803225223014296e-05 -5.86181394813777e-05 0  
15 190591  0.5800000000000001 -4.05 0  1.58 0 0   8.149017420396032e-05 -3.075368517881094e-05 0   -4.932525095304591e-05 -5.956855534416244e-05 0  
15 196419  0.6000000000000001 -4.05 0  1.6 0 0   8.328128578111681e-05 -2.921539140026547e-05 0   -5.080870541617453e-05 -6.299073708795899e-05 0  
15 188972  0.6200000000000001 -4.05 0  1.62 0 0   8.627563675796431e-05 -2.832079215256411e-05 0   -5.296190476952387e-05 -6.476203629237481e-05 0  
15 187188  0.6399999999999999 -4.05 0  1.64 0 0   8.762533013442937e-05 -2.573680242373005e-05 0   -5.206006494517038e-05 -6.919885994816077e-05 0  
15 259563  0.6599999999999999 -4.05 0  1.66 0 0   8.980445037014284e-05 -2.499311878498972e-05 0   -5.406798843053673e-05 -7.054517732914267e-05 0  
15 261788  0.6799999999999999 -4.05 0  1.68 0 0   9.315590929545592e-05 -2.275441551605889e-05 0   -5.523232687516116e-05 -7.388001591797366e-05 0  
15 203552  0.7 -4.05 0  1.7 0 0   9.425908380942486e-05 -2.059475408039413e-05 0   -5.484619102035827e-05 -7.743757869950463e-05 0  
15 225550  0.72 -4.05 0  1.72 0 0   9.690270963390226e-05 -1.762429357834994e-05 0   -5.507156937497801e-05 -8.168427108151688e-05 0  
15 214832  0.74 -4.05 0  1.74 0 0   0.0001002137595304889 -1.631450035823479e-05 0   -5.608591255301665e-05 -8.458037997379278e-05 0  
15 218645  0.76 -4.05 0  1.76 0 0   0.0001034118216487259 -1.177982577467863e-05 0   -5.726718563879574e-05 -8.8656122433633e-05 0  
15 255048  0.78 -4.05 0  1.78 0 0   0.0001052108935476401 -9.61928735243589e-06 0   -5.682625112225781e-05 -9.110649890999717e-05 0  
15 241644  0.8 -4.05 0  1.8 0 0   0.0001087593867237641 -6.882612908355734e-06 0   -5.753025759880348e-05 -9.544589964917416e-05 0  
15 179527  0.8200000000000001 -4.05 0  1.82 0 0   0.0001105513198411609 -2.926294710338048e-06 0   -5.598600183187585e-05 -0.0001005586448423468 0  
15 237365  0.8400000000000001 -4.05 0  1.84 0 0   0.0001134233439442946 4.073623523705161e-06 0   -5.658431018361332e-05 -0.0001069686639357942 0  
15 242108  0.8600000000000001 -4.05 0  1.86 0 0   0.0001165048454553948 6.735862813800342e-06 0   -5.64666353927018e-05 -0.0001097616068412022 0  
15 225790  0.8799999999999999 -4.05 0  1.88 0 0   0.0001170706361328794 1.537900713453194e-05 0   -5.371254591521324e-05 -0.000117353270231213 0  
15 188266  0.8999999999999999 -4.05 0  1.9 0 0   0.0001194021509067916 2.076333671557559e-05 0   -5.315123247039144e-05 -0.0001232890523311311 0  
15 259548  0.9199999999999999 -4.05 0  1.92 0 0   0.0001170136205155686 2.845176203795236e-05 0   -4.615744332513855e-05 -0.000129606936625018 0  
15 251387  0.9399999999999999 -4.05 0  1.94 0 0   0.0001168389813326898 3.46690509552966e-05 0   -4.141490625571287e-05 -0.0001343466933494269 0  
15 237118  0.96 -4.05 0  1.96 0 0   0.0001167477576007776 4.590185648685463e-05 0   -3.627303326374232e-05 -0.000141756078948424 0  
15 237519  0.98 -4.05 0  1.98 0 0   0.0001103299796237911 5.389437226029081e-05 0   -2.538285401940121e-05 -0.000145927610004537 0  
15 215841  1 -4.05 0  2 0 0   0.0001026492473648888 6.482344566838272e-05 0   -1.386375190406963e-05 -0.0001501628917470743 0  
