15 225771  -5 -4.05 0  0 0 0   -0.0001022726435652085 -8.213897059017317e-06 0   -0.0001655917462525195 -0.0002609785341487966 0  
15 213396  -4.9 -4.05 0  0.1 0 0   -3.94883301635552e-05 -4.168334779542857e-05 0   2.891250373391382e-06 -0.0002328975294175538 0  
15 221184  -4.8 -4.05 0  0.2 0 0   -3.585332698376187e-05 -3.149144166764324e-05 0   1.4683233567429e-05 -0.000175403828531831 0  
15 230329  -4.7 -4.05 0  0.3 0 0   -2.852006924122016e-05 -2.907241515376358e-05 0   2.900842849142265e-05 -0.0001501899869951577 0  
15 232944  -4.6 -4.05 0  0.4 0 0   -2.696975503373861e-05 -2.782615850739287e-05 0   2.640983265413599e-05 -0.0001221937209294048 0  
15 222074  -4.5 -4.05 0  0.5 0 0   -2.346116540082174e-05 -2.703621415858434e-05 0   2.858796365237616e-05 -0.0001118254781835226 0  
15 241796  -4.4 -4.05 0  0.6 0 0   -2.177532745296917e-05 -2.710665653660183e-05 0   2.990829882917444e-05 -0.0001029361578368847 0  
15 210281  -4.3 -4.05 0  0.7000000000000001 0 0   -2.089123184329748e-05 -2.682185546243852e-05 0   3.015789621534787e-05 -9.437248712724448e-05 0  
15 227400  -4.2 -4.05 0  0.8 0 0   -1.945262353114131e-05 -2.692126405908803e-05 0   2.805548526112981e-05 -8.56711729942017e-05 0  
15 249493  -4.1 -4.05 0  0.8999999999999999 0 0   -1.714722931780706e-05 -2.703673148894345e-05 0   2.80178768876908e-05 -8.102367357541024e-05 0  
15 213056  -4 -4.05 0  1 0 0   -1.543672062452291e-05 -2.676647555267288e-05 0   2.637888550333545e-05 -7.448858390631669e-05 0  
15 222365  -3.9 -4.05 0  1.1 0 0   -1.47618389023281e-05 -2.748951652074491e-05 0   2.669207862970174e-05 -7.01623276727556e-05 0  
15 210417  -3.8 -4.05 0  1.2 0 0   -1.337691733572545e-05 -2.666248751002909e-05 0   2.655937355053707e-05 -6.641657499698288e-05 0  
15 224830  -3.7 -4.05 0  1.3 0 0   -1.281358186433577e-05 -2.65361990416102e-05 0   2.615266918674659e-05 -6.295973674910792e-05 0  
15 237367  -3.6 -4.05 0  1.4 0 0   -1.112513757238183e-05 -2.668991670712328e-05 0   2.48329519426532e-05 -5.978401609520612e-05 0  
15 248434  -3.5 -4.05 0  1.5 0 0   -1.052282793967234e-05 -2.661281858909806e-05 0   2.481806269195169e-05 -5.579059309135728e-05 0  
15 245673  -3.4 -4.05 0  1.6 0 0   -9.612487380380834e-06 -2.653991262825846e-05 0   2.461671200968459e-05 -5.483536918474141e-05 0  
15 235488  -3.3 -4.05 0  1.7 0 0   -8.389845094595571e-06 -2.644798133383947e-05 0   2.294506667491918e-05 -5.210199917469408e-05 0  
15 232124  -3.2 -4.05 0  1.8 0 0   -7.813865078524183e-06 -2.61519701595242e-05 0   2.280800349544225e-05 -4.911842631152765e-05 0  
15 215160  -3.1 -4.05 0  1.9 0 0   -7.034969125051423e-06 -2.60652326847105e-05 0   2.243303436454689e-05 -4.822847004022374e-05 0  
15 237531  -3 -4.05 0  2 0 0   -6.23834013290317e-06 -2.643530420238724e-05 0   2.151154181650322e-05 -4.575943929933154e-05 0  
15 243045  -2.9 -4.05 0  2.1 0 0   -5.278741824071842e-06 -2.59731269302392e-05 0   2.101846658926032e-05 -4.456995751878946e-05 0  
15 221232  -2.8 -4.05 0  2.2 0 0   -4.659891457281864e-06 -2.60538674872364e-05 0   2.00390625928375e-05 -4.218290761440809e-05 0  
15 212659  -2.7 -4.05 0  2.3 0 0   -4.067621247896835e-06 -2.590910828781552e-05 0   1.956131885965003e-05 -4.119610475567144e-05 0  
15 234014  -2.6 -4.05 0  2.4 0 0   -3.251646347504286e-06 -2.536221934793144e-05 0   1.926656996469565e-05 -4.009787055283057e-05 0  
15 221110  -2.5 -4.05 0  2.5 0 0   -2.842359011222088e-06 -2.524242332350123e-05 0   1.891585370928685e-05 -3.897376947904459e-05 0  
15 247541  -2.4 -4.05 0  2.6 0 0   -1.831515780282081e-06 -2.503160649474159e-05 0   1.798632907921895e-05 -3.754130455927655e-05 0  
15 234286  -2.3 -4.05 0  2.7 0 0   -1.415097353289763e-06 -2.494862633923775e-05 0   1.759876575779589e-05 -3.671082768367823e-05 0  
15 230059  -2.2 -4.05 0  2.8 0 0   -1.007060828499273e-06 -2.472541809176061e-05 0   1.692817789723236e-05 -3.544238354228919e-05 0  
15 229182  -2.1 -4.05 0  2.9 0 0   -1.377497131282643e-07 -2.454790132917078e-05 0   1.636283074682226e-05 -3.440191589463128e-05 0  
15 237022  -2 -4.05 0  3 0 0   3.713688047192812e-07 -2.444944751740612e-05 0   1.573202086498169e-05 -3.397214633867572e-05 0  
15 213150  -1.9 -4.05 0  3.1 0 0   6.388230678420342e-07 -2.426863002818851e-05 0   1.551515495200675e-05 -3.316965957233598e-05 0  
15 226570  -1.8 -4.05 0  3.2 0 0   1.254326728251237e-06 -2.433554395265582e-05 0   1.459347973607923e-05 -3.210618947521206e-05 0  
15 226351  -1.7 -4.05 0  3.3 0 0   1.939986841692845e-06 -2.392697797810525e-05 0   1.415903756267272e-05 -3.16284213637422e-05 0  
15 239504  -1.6 -4.05 0  3.4 0 0   2.237147148614026e-06 -2.373717038106626e-05 0   1.382741216602841e-05 -3.106887683129549e-05 0  
15 214184  -1.5 -4.05 0  3.5 0 0   2.972281698356005e-06 -2.351657056844265e-05 0   1.306099935422791e-05 -3.015415950642208e-05 0  
15 237803  -1.4 -4.05 0  3.6 0 0   3.439276137530423e-06 -2.34067172678893e-05 0   1.248164362561586e-05 -2.989143705894263e-05 0  
15 237694  -1.3 -4.05 0  3.7 0 0   3.657109556190301e-06 -2.319025275847406e-05 0   1.223072723800919e-05 -2.935316255286632e-05 0  
15 235267  -1.2 -4.05 0  3.8 0 0   4.210689344277124e-06 -2.327812328816077e-05 0   1.148860306451806e-05 -2.863301793754307e-05 0  
15 238009  -1.1 -4.05 0  3.9 0 0   4.808004784503765e-06 -2.286873324027806e-05 0   1.095307625629703e-05 -2.848016829398985e-05 0  
15 211914  -1 -4.05 0  4 0 0   5.134987218933726e-06 -2.263992590409609e-05 0   1.051779095879741e-05 -2.828091517231499e-05 0  
15 218076  -0.9000000000000004 -4.05 0  4.1 0 0   5.607015311707986e-06 -2.269911920094528e-05 0   9.880075340851051e-06 -2.749685103474366e-05 0  
15 241621  -0.7999999999999998 -4.05 0  4.2 0 0   6.127873751908368e-06 -2.22695267003744e-05 0   9.436518840440916e-06 -2.741071938097608e-05 0  
15 213986  -0.7000000000000002 -4.05 0  4.3 0 0   6.408302098672748e-06 -2.209569925119663e-05 0   9.10656576152101e-06 -2.717953853024167e-05 0  
15 223884  -0.5999999999999996 -4.05 0  4.4 0 0   6.901460296070486e-06 -2.213888552735944e-05 0   8.42845006941359e-06 -2.662912547957749e-05 0  
15 210621  -0.5 -4.05 0  4.5 0 0   7.431440639695322e-06 -2.172825650235966e-05 0   7.910260208812692e-06 -2.665553487923421e-05 0  
15 232865  -0.3999999999999995 -4.05 0  4.600000000000001 0 0   7.655647335674289e-06 -2.151356989124522e-05 0   7.640773586508817e-06 -2.651421097083981e-05 0  
15 216111  -0.3000000000000007 -4.05 0  4.699999999999999 0 0   8.182781540556905e-06 -2.157878717402514e-05 0   6.973633784989296e-06 -2.605238926922052e-05 0  
15 239441  -0.2000000000000002 -4.05 0  4.8 0 0   8.665061217436217e-06 -2.115455730158228e-05 0   6.508620703419774e-06 -2.615931671718415e-05 0  
15 216972  -0.09999999999999964 -4.05 0  4.9 0 0   8.924596211028896e-06 -2.101463134017087e-05 0   6.211049267459794e-06 -2.605137353640929e-05 0  
15 223624  0 -4.05 0  5 0 0   9.529361732039813e-06 -2.073003089034416e-05 0   5.467239887405289e-06 -2.603252245649695e-05 0  
15 244511  0.09999999999999964 -4.05 0  5.1 0 0   9.898667370515993e-06 -2.054532944221164e-05 0   5.084932276538771e-06 -2.595762649971502e-05 0  
15 238096  0.2000000000000002 -4.05 0  5.2 0 0   1.016931359697475e-05 -2.03521021988444e-05 0   4.773046243264009e-06 -2.599290976443291e-05 0  
15 210007  0.3000000000000007 -4.05 0  5.300000000000001 0 0   1.049050100635981e-05 -2.021733808769965e-05 0   4.365461684474603e-06 -2.588975801623688e-05 0  
15 221309  0.4000000000000004 -4.05 0  5.4 0 0   1.102987588969765e-05 -2.010646793081973e-05 0   3.778119601083557e-06 -2.592955647113745e-05 0  
15 211248  0.5 -4.05 0  5.5 0 0   1.145120878902079e-05 -1.978170675908525e-05 0   3.3572565623953e-06 -2.608767999917778e-05 0  
15 222287  0.6000000000000005 -4.05 0  5.600000000000001 0 0   1.17014225994869e-05 -1.957871602653854e-05 0   3.081831583701036e-06 -2.618135690904844e-05 0  
15 232298  0.6999999999999993 -4.05 0  5.699999999999999 0 0   1.240787228776099e-05 -1.943183557109873e-05 0   2.34508276193441e-06 -2.622159294361683e-05 0  
15 248637  0.7999999999999998 -4.05 0  5.8 0 0   1.266718318491001e-05 -1.923267927673653e-05 0   2.070584893936953e-06 -2.63747158160809e-05 0  
15 240614  0.8999999999999995 -4.05 0  5.899999999999999 0 0   1.294840685231273e-05 -1.903664856146847e-05 0   1.768566247406685e-06 -2.652796505024993e-05 0  
15 225539  1 -4.05 0  6 0 0   1.367596633826493e-05 -1.870377268752346e-05 0   1.037333246713817e-06 -2.685851344136434e-05 0  
15 244344  1.1 -4.05 0  6.1 0 0   1.39216043492825e-05 -1.855034700549464e-05 0   7.934399725694624e-07 -2.703263104573625e-05 0  
15 220235  1.2 -4.05 0  6.2 0 0   1.443840422737236e-05 -1.85732868944917e-05 0   3.037449648676804e-07 -2.706075132245973e-05 0  
15 226284  1.3 -4.05 0  6.3 0 0   1.493378593983748e-05 -1.801380655436745e-05 0   -1.813246545425383e-07 -2.769282469578926e-05 0  
15 248253  1.4 -4.05 0  6.4 0 0   1.529335050022302e-05 -1.78839202176987e-05 0   -5.210807233579744e-07 -2.788380304370383e-05 0  
15 211616  1.5 -4.05 0  6.5 0 0   1.558810355973238e-05 -1.758267295030782e-05 0   -7.5801439216195e-07 -2.833116379916383e-05 0  
15 242523  1.600000000000001 -4.05 0  6.600000000000001 0 0   1.638331167115419e-05 -1.734599100174962e-05 0   -1.508363565637556e-06 -2.873489807114337e-05 0  
15 226350  1.7 -4.05 0  6.7 0 0   1.667263098404249e-05 -1.715541578117385e-05 0   -1.763080542141644e-06 -2.909498097746367e-05 0  
15 226569  1.800000000000001 -4.05 0  6.800000000000001 0 0   1.717401460400378e-05 -1.709433109169101e-05 0   -2.099204509716651e-06 -2.94094943236161e-05 0  
15 213149  1.899999999999999 -4.05 0  6.899999999999999 0 0   1.78829157336368e-05 -1.656300738516261e-05 0   -2.762027320597077e-06 -3.015706698458395e-05 0  
15 237021  2 -4.05 0  7 0 0   1.810414512791198e-05 -1.628217891838039e-05 0   -2.918373382897708e-06 -3.071699416819142e-05 0  
15 229181  2.1 -4.05 0  7.1 0 0   1.862679672245179e-05 -1.61398396288804e-05 0   -3.363412000016719e-06 -3.101694969332054e-05 0  
15 230058  2.199999999999999 -4.05 0  7.199999999999999 0 0   1.93021485050543e-05 -1.577898959586807e-05 0   -3.750392101335351e-06 -3.174673625807624e-05 0  
15 234287  2.3 -4.05 0  7.3 0 0   1.978965218718196e-05 -1.53716101619697e-05 0   -4.209759566095594e-06 -3.263953081223629e-05 0  
15 247540  2.4 -4.05 0  7.4 0 0   2.016518642026285e-05 -1.508374104678377e-05 0   -4.467054698256527e-06 -3.322337607926558e-05 0  
15 221109  2.5 -4.05 0  7.5 0 0   2.107835314098857e-05 -1.464699803486146e-05 0   -5.069254175798371e-06 -3.423416189595862e-05 0  
15 234013  2.6 -4.05 0  7.6 0 0   2.143964242673838e-05 -1.429581050283596e-05 0   -5.289763782650309e-06 -3.50265919576891e-05 0  
15 212660  2.7 -4.05 0  7.7 0 0   2.202151244673836e-05 -1.42182338821184e-05 0   -5.43816123105105e-06 -3.583359449414389e-05 0  
15 221233  2.800000000000001 -4.05 0  7.800000000000001 0 0   2.254400075443926e-05 -1.395963622681171e-05 0   -5.723852795441048e-06 -3.653646546842183e-05 0  
15 243044  2.9 -4.05 0  7.9 0 0   2.325195526545892e-05 -1.310355229927965e-05 0   -6.352689126317042e-06 -3.819750800761884e-05 0  
15 237530  3 -4.05 0  8 0 0   2.400888852943303e-05 -1.300421949479262e-05 0   -6.60050606723396e-06 -3.907565149720814e-05 0  
15 215161  3.100000000000001 -4.05 0  8.100000000000001 0 0   2.480305067319166e-05 -1.199324850277572e-05 0   -7.155699717925536e-06 -4.07570732480645e-05 0  
15 232125  3.199999999999999 -4.05 0  8.199999999999999 0 0   2.541927874152904e-05 -1.177559673004071e-05 0   -7.325138079574117e-06 -4.138647546977035e-05 0  
15 235487  3.299999999999999 -4.05 0  8.299999999999999 0 0   2.583773424937215e-05 -1.108784623402373e-05 0   -7.348970917480865e-06 -4.350089713878961e-05 0  
15 245672  3.4 -4.05 0  8.4 0 0   2.712287837902498e-05 -1.038098178065584e-05 0   -8.351734263783647e-06 -4.541665570742016e-05 0  
15 248435  3.5 -4.05 0  8.5 0 0   2.779076174309891e-05 -1.01681463966375e-05 0   -8.36424142935336e-06 -4.609131393911933e-05 0  
15 237366  3.6 -4.05 0  8.6 0 0   2.820616633972262e-05 -9.169617082811776e-06 0   -8.287201600403089e-06 -4.888206857886837e-05 0  
15 224829  3.699999999999999 -4.05 0  8.699999999999999 0 0   2.971127848266746e-05 -8.268488862728587e-06 0   -8.949686343827541e-06 -5.106797111252559e-05 0  
15 210418  3.800000000000001 -4.05 0  8.800000000000001 0 0   3.020111643821464e-05 -7.533268232025672e-06 0   -9.144420520922764e-06 -5.349329044495449e-05 0  
15 222366  3.9 -4.05 0  8.9 0 0   3.122012643673108e-05 -7.276589278683646e-06 0   -9.01387551032265e-06 -5.623514021688147e-05 0  
15 213055  4 -4.05 0  9 0 0   3.1641250086532e-05 -5.825135749531508e-06 0   -8.685071871981052e-06 -5.912881622143536e-05 0  
15 249492  4.1 -4.05 0  9.1 0 0   3.323030221202491e-05 -4.719926119518131e-06 0   -9.540204499029412e-06 -6.372845958033026e-05 0  
15 227401  4.200000000000001 -4.05 0  9.200000000000001 0 0   3.495400618547847e-05 -3.77014985082115e-06 0   -9.172320153150951e-06 -6.694984354749939e-05 0  
15 210280  4.300000000000001 -4.05 0  9.300000000000001 0 0   3.63898326551735e-05 -2.216354032216067e-06 0   -1.039277520071321e-05 -7.300833460126797e-05 0  
15 241797  4.399999999999999 -4.05 0  9.399999999999999 0 0   3.700705153892193e-05 -1.11772560511085e-06 0   -1.00669533266819e-05 -7.904602570480909e-05 0  
15 222073  4.5 -4.05 0  9.5 0 0   3.811702203855918e-05 1.56936216064163e-07 0   -8.852776162856374e-06 -8.526269093984094e-05 0  
15 232945  4.6 -4.05 0  9.6 0 0   4.068566711069995e-05 7.777598943492503e-07 0   -6.722671744504227e-06 -9.267962073315587e-05 0  
15 230330  4.699999999999999 -4.05 0  9.699999999999999 0 0   4.220237334233521e-05 2.407123254400886e-06 0   -8.299237680418556e-06 -0.000112648558862451 0  
15 221185  4.800000000000001 -4.05 0  9.800000000000001 0 0   4.774749511929962e-05 2.07154846273809e-06 0   3.096915061087842e-06 -0.0001309645271730889 0  
15 213397  4.9 -4.05 0  9.9 0 0   5.082927460108282e-05 -4.907939660266439e-06 0   1.222538023523505e-05 -0.0001739739022511913 0  
15 225772  5 -4.05 0  10 0 0   0.0001115005918182754 3.549639141789407e-05 0   0.000146325860961305 -0.000184405274828589 0  
