15 230355  -5 -4.05 0  0 0 0   -6.076850246259161e-05 3.86652415686195e-06 0   -9.612049375296895e-05 -0.0002537272171708599 0  
15 217980  -4.9 -4.05 0  0.1 0 0   -4.603300483299599e-05 -1.688329229462479e-05 0   6.238708799769345e-05 -0.000221727753214915 0  
15 225768  -4.8 -4.05 0  0.2 0 0   -4.498902229265259e-05 -1.988326625734001e-05 0   7.343774951848502e-05 -0.0001602083443339149 0  
15 234913  -4.7 -4.05 0  0.3 0 0   -3.782712028316867e-05 -2.226220433326764e-05 0   8.156624759659203e-05 -0.0001319047727526652 0  
15 237528  -4.6 -4.05 0  0.4 0 0   -3.497819920438624e-05 -2.56495890643459e-05 0   7.609052792508257e-05 -9.894701490495168e-05 0  
15 226658  -4.5 -4.05 0  0.5 0 0   -3.010127421943258e-05 -2.595755506754234e-05 0   7.350834534713627e-05 -8.736600264853695e-05 0  
15 246380  -4.4 -4.05 0  0.6 0 0   -2.778798911459148e-05 -2.711014814358453e-05 0   7.25098810920974e-05 -7.634238476831538e-05 0  
15 214865  -4.3 -4.05 0  0.7000000000000001 0 0   -2.652762798428625e-05 -2.750352837289092e-05 0   7.141873075902226e-05 -6.628982504753764e-05 0  
15 231984  -4.2 -4.05 0  0.8 0 0   -2.436318438091886e-05 -2.828380736787789e-05 0   6.654867375386177e-05 -5.547769614123576e-05 0  
15 254077  -4.1 -4.05 0  0.8999999999999999 0 0   -2.129471160800358e-05 -2.869382774260167e-05 0   6.275539918991014e-05 -4.960145508746232e-05 0  
15 217640  -4 -4.05 0  1 0 0   -1.905837609035587e-05 -2.863129540731264e-05 0   5.79094026611635e-05 -4.204099080543739e-05 0  
15 226949  -3.9 -4.05 0  1.1 0 0   -1.824260267687186e-05 -2.966627681227733e-05 0   5.71573686111884e-05 -3.552738011121121e-05 0  
15 215001  -3.8 -4.05 0  1.2 0 0   -1.657974802835678e-05 -2.876603495096091e-05 0   5.464496000709158e-05 -3.233405397119185e-05 0  
15 229414  -3.7 -4.05 0  1.3 0 0   -1.591012936242361e-05 -2.870525715159295e-05 0   5.317816193612258e-05 -2.831222161756475e-05 0  
15 241951  -3.6 -4.05 0  1.4 0 0   -1.39643068772789e-05 -2.895627593328415e-05 0   4.862260923804997e-05 -2.415163349170227e-05 0  
15 253018  -3.5 -4.05 0  1.5 0 0   -1.329768364252085e-05 -2.896502798602294e-05 0   4.754182978939075e-05 -1.938602568719036e-05 0  
15 250257  -3.4 -4.05 0  1.6 0 0   -1.230651592825207e-05 -2.891192922862586e-05 0   4.567462426844455e-05 -1.83450006227665e-05 0  
15 240072  -3.3 -4.05 0  1.7 0 0   -1.096695803131861e-05 -2.888989332449146e-05 0   4.14114286629241e-05 -1.515487432890081e-05 0  
15 236708  -3.2 -4.05 0  1.8 0 0   -1.036148873490451e-05 -2.868769059854916e-05 0   4.018662611851879e-05 -1.204388748444118e-05 0  
15 219744  -3.1 -4.05 0  1.9 0 0   -9.545083351999474e-06 -2.863589796213515e-05 0   3.828549673430591e-05 -1.111896209477197e-05 0  
15 242115  -3 -4.05 0  2 0 0   -8.695578297379138e-06 -2.912157540252511e-05 0   3.566345052999744e-05 -7.407472112848021e-06 0  
15 247629  -2.9 -4.05 0  2.1 0 0   -7.709003783235718e-06 -2.87221449532752e-05 0   3.323571323073625e-05 -6.836835756535674e-06 0  
15 225816  -2.8 -4.05 0  2.2 0 0   -7.02964789787465e-06 -2.895730641445503e-05 0   3.085156887489265e-05 -3.785843186803004e-06 0  
15 217243  -2.7 -4.05 0  2.3 0 0   -6.406079989393181e-06 -2.888835038215593e-05 0   2.911737438830958e-05 -2.879142949091052e-06 0  
15 238598  -2.6 -4.05 0  2.4 0 0   -5.578469281409745e-06 -2.843760102034902e-05 0   2.714257467844976e-05 -2.653819746443499e-06 0  
15 225694  -2.5 -4.05 0  2.5 0 0   -5.147574212870012e-06 -2.842285981340814e-05 0   2.589961190826301e-05 -1.567153302589218e-06 0  
15 252125  -2.4 -4.05 0  2.6 0 0   -4.065274465967893e-06 -2.836312337787649e-05 0   2.27389018141622e-05 -3.267926519849931e-07 0  
15 238870  -2.3 -4.05 0  2.7 0 0   -3.615312012987277e-06 -2.837614392900336e-05 0   2.142213215246833e-05 4.567084389453351e-07 0  
15 234643  -2.2 -4.05 0  2.8 0 0   -3.136949738568109e-06 -2.831615492215628e-05 0   1.979871264119097e-05 1.423279602258409e-06 0  
15 233766  -2.1 -4.05 0  2.9 0 0   -2.21376341134373e-06 -2.828854116289185e-05 0   1.730456258770613e-05 2.190295497250371e-06 0  
15 241606  -2 -4.05 0  3 0 0   -1.623466666399176e-06 -2.82556248339845e-05 0   1.550941534951545e-05 2.443140108995996e-06 0  
15 217734  -1.9 -4.05 0  3.1 0 0   -1.326678226507352e-06 -2.820663934894425e-05 0   1.468658253612381e-05 2.897357544502654e-06 0  
15 231154  -1.8 -4.05 0  3.2 0 0   -5.698279440516027e-07 -2.845546186674465e-05 0   1.236128535315626e-05 4.140675544596958e-06 0  
15 230935  -1.7 -4.05 0  3.3 0 0   1.815540862934797e-07 -2.814592019725892e-05 0   1.037407237567517e-05 3.682038601610701e-06 0  
15 244088  -1.6 -4.05 0  3.4 0 0   5.364251524160764e-07 -2.807042184106105e-05 0   9.369633510474505e-06 3.77614484151469e-06 0  
15 218768  -1.5 -4.05 0  3.5 0 0   1.412894108915493e-06 -2.804989995572674e-05 0   6.947980289512962e-06 4.07428558673391e-06 0  
15 242387  -1.4 -4.05 0  3.6 0 0   2.000893178304153e-06 -2.800220876791187e-05 0   5.348069794098307e-06 4.034859083309247e-06 0  
15 242278  -1.3 -4.05 0  3.7 0 0   2.274060551595881e-06 -2.792020928925679e-05 0   4.61940852552415e-06 3.938841213280446e-06 0  
15 239851  -1.2 -4.05 0  3.8 0 0   2.998458013143621e-06 -2.819029125020883e-05 0   2.72065906260343e-06 4.673427687166892e-06 0  
15 242593  -1.1 -4.05 0  3.9 0 0   3.72068915763463e-06 -2.783955978629717e-05 0   8.832175329669253e-07 3.750650416115345e-06 0  
15 216498  -1 -4.05 0  4 0 0   4.16331468177213e-06 -2.767710194029674e-05 0   -1.951285862745837e-07 3.293964694257552e-06 0  
15 222660  -0.9000000000000004 -4.05 0  4.1 0 0   4.814039058466217e-06 -2.797702553567621e-05 0   -1.720339151290579e-06 3.83607702957923e-06 0  
15 246205  -0.7999999999999998 -4.05 0  4.2 0 0   5.453116249316478e-06 -2.760032696863274e-05 0   -3.258748862370242e-06 2.736791694988357e-06 0  
15 218570  -0.7000000000000002 -4.05 0  4.3 0 0   5.831136652072015e-06 -2.752073350312332e-05 0   -4.109858486938626e-06 2.33969670768012e-06 0  
15 228468  -0.5999999999999996 -4.05 0  4.4 0 0   6.543182072394835e-06 -2.777349578268924e-05 0   -5.578520137205448e-06 2.549830589225997e-06 0  
15 215205  -0.5 -4.05 0  4.5 0 0   7.23461187787048e-06 -2.7393791928303e-05 0   -7.082699816102038e-06 1.39094373275599e-06 0  
15 237449  -0.3999999999999995 -4.05 0  4.600000000000001 0 0   7.551470138473463e-06 -2.726893044837156e-05 0   -7.70593702568035e-06 7.590721266329242e-07 0  
15 220695  -0.3000000000000007 -4.05 0  4.699999999999999 0 0   8.323847499120546e-06 -2.755028846679938e-05 0   -9.10317973957229e-06 8.303917069466676e-07 0  
15 244025  -0.2000000000000002 -4.05 0  4.8 0 0   8.964571308375802e-06 -2.714959589441603e-05 0   -1.038425093180745e-05 -4.412611640425453e-07 0  
15 221556  -0.09999999999999964 -4.05 0  4.9 0 0   9.337846975126206e-06 -2.710520853510014e-05 0   -1.103495691695934e-05 -9.605203697519993e-07 0  
15 228208  0 -4.05 0  5 0 0   1.02591413025739e-05 -2.691064314238288e-05 0   -1.24203520766478e-05 -1.925953925131871e-06 0  
15 249095  0.09999999999999964 -4.05 0  5.1 0 0   1.078038521739114e-05 -2.684684070637308e-05 0   -1.329323597586206e-05 -2.675145337667842e-06 0  
15 242680  0.2000000000000002 -4.05 0  5.2 0 0   1.119228725895982e-05 -2.67069952071897e-05 0   -1.386828420999776e-05 -3.355256639542108e-06 0  
15 214591  0.3000000000000007 -4.05 0  5.300000000000001 0 0   1.172822234880334e-05 -2.674516807818494e-05 0   -1.444016069438803e-05 -4.105999203611469e-06 0  
15 225893  0.4000000000000004 -4.05 0  5.4 0 0   1.25554298845787e-05 -2.666579006180628e-05 0   -1.550018931036756e-05 -4.517925507999121e-06 0  
15 215832  0.5 -4.05 0  5.5 0 0   1.316607331108312e-05 -2.64089724514938e-05 0   -1.638131984002945e-05 -5.677547022373084e-06 0  
15 226871  0.6000000000000005 -4.05 0  5.600000000000001 0 0   1.356828750062079e-05 -2.62877179950426e-05 0   -1.680605191304555e-05 -6.507497454126066e-06 0  
15 236882  0.6999999999999993 -4.05 0  5.699999999999999 0 0   1.466484590505017e-05 -2.630011547599155e-05 0   -1.806107299781004e-05 -7.370527802651877e-06 0  
15 253221  0.7999999999999998 -4.05 0  5.8 0 0   1.509008295426167e-05 -2.614893486915359e-05 0   -1.845329103656061e-05 -8.130065692177899e-06 0  
15 245198  0.8999999999999995 -4.05 0  5.899999999999999 0 0   1.560902766117693e-05 -2.608253187806608e-05 0   -1.87171143089665e-05 -9.108054373157311e-06 0  
15 230123  1 -4.05 0  6 0 0   1.676871714980689e-05 -2.577870776148197e-05 0   -1.987353476468143e-05 -1.02684914890037e-05 0  
15 248928  1.1 -4.05 0  6.1 0 0   1.71980616684329e-05 -2.571592789419111e-05 0   -2.015597341501916e-05 -1.103021981231091e-05 0  
15 224819  1.2 -4.05 0  6.2 0 0   1.813008101992242e-05 -2.595841367233204e-05 0   -2.065800167883568e-05 -1.159419169637879e-05 0  
15 230868  1.3 -4.05 0  6.3 0 0   1.894768491277846e-05 -2.525008915806298e-05 0   -2.136276062741633e-05 -1.302792050311371e-05 0  
15 252837  1.4 -4.05 0  6.4 0 0   1.957257595366262e-05 -2.516091663218398e-05 0   -2.178833518477535e-05 -1.359275379152333e-05 0  
15 216200  1.5 -4.05 0  6.5 0 0   2.014965874600622e-05 -2.489980966678337e-05 0   -2.19426320224056e-05 -1.475744074696064e-05 0  
15 247107  1.600000000000001 -4.05 0  6.600000000000001 0 0   2.152624887514967e-05 -2.471206693940159e-05 0   -2.293375969017225e-05 -1.575149239100345e-05 0  
15 230934  1.7 -4.05 0  6.7 0 0   2.205457521027576e-05 -2.456767766161137e-05 0   -2.321976509838081e-05 -1.658924322773658e-05 0  
15 231153  1.800000000000001 -4.05 0  6.800000000000001 0 0   2.305878319418253e-05 -2.469427595292242e-05 0   -2.344050770139677e-05 -1.741627295533989e-05 0  
15 217733  1.899999999999999 -4.05 0  6.899999999999999 0 0   2.431920724948154e-05 -2.394364471417811e-05 0   -2.431532214458554e-05 -1.871607631276232e-05 0  
15 241605  2 -4.05 0  7 0 0   2.475419674017893e-05 -2.364094128345061e-05 0   -2.446044282731629e-05 -1.97497972038471e-05 0  
15 233765  2.1 -4.05 0  7.1 0 0   2.572794301595495e-05 -2.348404950106887e-05 0   -2.500686822820152e-05 -2.028341131239805e-05 0  
15 234642  2.199999999999999 -4.05 0  7.199999999999999 0 0   2.709485300185889e-05 -2.304560591954129e-05 0   -2.536383592097431e-05 -2.151905529483664e-05 0  
15 238871  2.3 -4.05 0  7.3 0 0   2.79946535567694e-05 -2.253732123154092e-05 0   -2.598345956300162e-05 -2.295275697097843e-05 0  
15 252124  2.4 -4.05 0  7.4 0 0   2.873662434532253e-05 -2.2135424195306e-05 0   -2.629467873610145e-05 -2.384803607730058e-05 0  
15 225693  2.5 -4.05 0  7.5 0 0   3.05554248100099e-05 -2.153818350158175e-05 0   -2.706860538610875e-05 -2.535588611424352e-05 0  
15 238597  2.6 -4.05 0  7.6 0 0   3.128557054543103e-05 -2.10228111690346e-05 0   -2.736667497886612e-05 -2.649762702092964e-05 0  
15 217244  2.7 -4.05 0  7.7 0 0   3.252022983669858e-05 -2.109073611135989e-05 0   -2.759126264427307e-05 -2.761753367517541e-05 0  
15 225817  2.800000000000001 -4.05 0  7.800000000000001 0 0   3.358511624979195e-05 -2.070903127399104e-05 0   -2.803347015940968e-05 -2.857101959597721e-05 0  
15 247628  2.9 -4.05 0  7.9 0 0   3.498361119653494e-05 -1.9220821447021e-05 0   -2.896481059516849e-05 -3.083579319295804e-05 0  
15 242114  3 -4.05 0  8 0 0   3.657970465840814e-05 -1.917682343738607e-05 0   -2.946943181924688e-05 -3.192588558348212e-05 0  
15 219745  3.100000000000001 -4.05 0  8.100000000000001 0 0   3.821595432764455e-05 -1.725801308994149e-05 0   -3.039227546412814e-05 -3.425073906767793e-05 0  
15 236709  3.199999999999999 -4.05 0  8.199999999999999 0 0   3.953356583180807e-05 -1.687470093137029e-05 0   -3.083099202606543e-05 -3.50675911974191e-05 0  
15 240071  3.299999999999999 -4.05 0  8.299999999999999 0 0   4.044138519068534e-05 -1.562187841096154e-05 0   -3.104098871363503e-05 -3.776955298638888e-05 0  
15 250256  3.4 -4.05 0  8.4 0 0   4.316479872420401e-05 -1.423321050669779e-05 0   -3.278666262847957e-05 -4.025109518555772e-05 0  
15 253019  3.5 -4.05 0  8.5 0 0   4.463668542553428e-05 -1.380962108583732e-05 0   -3.316077903062182e-05 -4.110921420495618e-05 0  
15 241950  3.6 -4.05 0  8.6 0 0   4.555926470270998e-05 -1.17190585059157e-05 0   -3.331195014550769e-05 -4.472450284362319e-05 0  
15 229413  3.699999999999999 -4.05 0  8.699999999999999 0 0   4.890187147099222e-05 -9.726505174259895e-06 0   -3.494326242278132e-05 -4.765251057048522e-05 0  
15 215002  3.800000000000001 -4.05 0  8.800000000000001 0 0   5.001569459808959e-05 -8.020977136557507e-06 0   -3.546620013055194e-05 -5.075639041896105e-05 0  
15 226950  3.9 -4.05 0  8.9 0 0   5.230837712884122e-05 -7.29766525537235e-06 0   -3.59844224853518e-05 -5.390980213776776e-05 0  
15 217639  4 -4.05 0  9 0 0   5.323323147597009e-05 -3.734136422441081e-06 0   -3.590154324807019e-05 -5.804324718553693e-05 0  
15 254076  4.1 -4.05 0  9.1 0 0   5.697591582114973e-05 -5.635960662365991e-07 0   -3.790598283749452e-05 -6.386504105395947e-05 0  
15 231985  4.200000000000001 -4.05 0  9.200000000000001 0 0   6.091064420561459e-05 2.221832089466941e-06 0   -3.865889667985583e-05 -6.809094752562538e-05 0  
15 214864  4.300000000000001 -4.05 0  9.300000000000001 0 0   6.459403160486484e-05 7.305128565638155e-06 0   -4.099392553661183e-05 -7.594041513738078e-05 0  
15 246381  4.399999999999999 -4.05 0  9.399999999999999 0 0   6.601073976664207e-05 1.170393422821655e-05 0   -4.103876999697793e-05 -8.351688632444207e-05 0  
15 226657  4.5 -4.05 0  9.5 0 0   6.822407630654396e-05 1.700153549259557e-05 0   -4.037464386688811e-05 -9.145702469641866e-05 0  
15 237529  4.6 -4.05 0  9.6 0 0   7.313450826919353e-05 2.174292633276217e-05 0   -3.949558027861619e-05 -0.00010041594295552 0  
15 234914  4.699999999999999 -4.05 0  9.699999999999999 0 0   7.746850627817457e-05 3.670686899862226e-05 0   -4.223485020993961e-05 -0.0001247442765482615 0  
15 225769  4.800000000000001 -4.05 0  9.800000000000001 0 0   8.071472921778876e-05 4.85629001324827e-05 0   -3.174442835142507e-05 -0.0001462334881776514 0  
15 217981  4.9 -4.05 0  9.9 0 0   7.826242975448369e-05 7.088869270452727e-05 0   -2.213042922023399e-05 -0.0001947167408161716 0  
15 230356  5 -4.05 0  10 0 0   4.796470709184097e-05 0.0001036411461778769 0   0.0001168034948072702 -0.0002092950555216697 0  
