15 230355  -5 -4.05 0  0 0 0   -7.964526549109063e-05 -2.210967525336643e-05 0   -0.0002008401879506141 -0.0002560966562260569 0  
15 217980  -4.9 -4.05 0  0.1 0 0   -3.158601226631308e-05 -4.392615332597574e-05 0   -3.86607528154656e-06 -0.0002453193494889646 0  
15 225768  -4.8 -4.05 0  0.2 0 0   -2.853837781442888e-05 -3.563691545412258e-05 0   9.459671401413489e-06 -0.0001821157463162987 0  
15 234913  -4.7 -4.05 0  0.3 0 0   -2.120712446088959e-05 -3.335218320583283e-05 0   2.530757295047745e-05 -0.0001552555491730508 0  
15 237528  -4.6 -4.05 0  0.4 0 0   -1.959362566011577e-05 -3.177314184671636e-05 0   2.266900683240911e-05 -0.0001259533341127425 0  
15 226658  -4.5 -4.05 0  0.5 0 0   -1.583482382016112e-05 -3.065923684336495e-05 0   2.50635593463458e-05 -0.0001152357892622684 0  
15 246380  -4.4 -4.05 0  0.6 0 0   -1.398205337061397e-05 -3.040193663654805e-05 0   2.645764402852725e-05 -0.000106151032070595 0  
15 214865  -4.3 -4.05 0  0.7000000000000001 0 0   -1.301673945711753e-05 -2.968505755769364e-05 0   2.672722223043267e-05 -9.746349502991365e-05 0  
15 231984  -4.2 -4.05 0  0.8 0 0   -1.160614870343926e-05 -2.927891085268515e-05 0   2.465540216014216e-05 -8.872172401024926e-05 0  
15 254077  -4.1 -4.05 0  0.8999999999999999 0 0   -9.169299362274614e-06 -2.907742794535512e-05 0   2.47049447126362e-05 -8.409568522205549e-05 0  
15 217640  -4 -4.05 0  1 0 0   -7.506676050019791e-06 -2.827373013140292e-05 0   2.317056156814733e-05 -7.762256683275723e-05 0  
15 226949  -3.9 -4.05 0  1.1 0 0   -6.772223554021156e-06 -2.864214209688173e-05 0   2.351563867754661e-05 -7.341948329820172e-05 0  
15 215001  -3.8 -4.05 0  1.2 0 0   -5.337720021621542e-06 -2.74042800427407e-05 0   2.347101125717461e-05 -6.972465974441552e-05 0  
15 229414  -3.7 -4.05 0  1.3 0 0   -4.791936990847408e-06 -2.689947068452081e-05 0   2.311440994752674e-05 -6.637136206478871e-05 0  
15 241951  -3.6 -4.05 0  1.4 0 0   -3.198740453496524e-06 -2.668774140554726e-05 0   2.198198545764704e-05 -6.333011417500312e-05 0  
15 253018  -3.5 -4.05 0  1.5 0 0   -2.580033401342746e-06 -2.609575079838122e-05 0   2.20231256111425e-05 -5.951564358198588e-05 0  
15 250257  -3.4 -4.05 0  1.6 0 0   -1.671829033145916e-06 -2.589074655173947e-05 0   2.192316054735674e-05 -5.860173835024046e-05 0  
15 240072  -3.3 -4.05 0  1.7 0 0   -6.694605212797643e-07 -2.540512630209643e-05 0   2.048931786129311e-05 -5.601126842847901e-05 0  
15 236708  -3.2 -4.05 0  1.8 0 0   -1.096880562117056e-07 -2.464361452602856e-05 0   2.04365171635832e-05 -5.317455046587385e-05 0  
15 219744  -3.1 -4.05 0  1.9 0 0   6.12529677560588e-07 -2.441106993654289e-05 0   2.019659183451379e-05 -5.233052341442265e-05 0  
15 242115  -3 -4.05 0  2 0 0   1.250539216449652e-06 -2.435598580138171e-05 0   1.946412249402216e-05 -5.009524096048767e-05 0  
15 247629  -2.9 -4.05 0  2.1 0 0   2.112937176270476e-06 -2.367915371466987e-05 0   1.917188236409077e-05 -4.891976209475332e-05 0  
15 225816  -2.8 -4.05 0  2.2 0 0   2.532684952753772e-06 -2.329794886013221e-05 0   1.838673014611936e-05 -4.673916963620489e-05 0  
15 217243  -2.7 -4.05 0  2.3 0 0   3.014262230302545e-06 -2.295475012896626e-05 0   1.80669157417452e-05 -4.580691012643148e-05 0  
15 238598  -2.6 -4.05 0  2.4 0 0   3.744832698232819e-06 -2.219168176096839e-05 0   1.797287482401162e-05 -4.468384552004656e-05 0  
15 225694  -2.5 -4.05 0  2.5 0 0   4.064871406291113e-06 -2.183075219599605e-05 0   1.774605713815783e-05 -4.362627220893568e-05 0  
15 252125  -2.4 -4.05 0  2.6 0 0   4.82333103878985e-06 -2.130261407398085e-05 0   1.71462355283156e-05 -4.226196797685669e-05 0  
15 238870  -2.3 -4.05 0  2.7 0 0   5.1279323942683e-06 -2.102551438411347e-05 0   1.690254508796962e-05 -4.147975767976667e-05 0  
15 234643  -2.2 -4.05 0  2.8 0 0   5.349758819042302e-06 -2.050057520683064e-05 0   1.640152201715615e-05 -4.025477211492406e-05 0  
15 233766  -2.1 -4.05 0  2.9 0 0   6.024075184403281e-06 -2.006293012925438e-05 0   1.613889344646846e-05 -3.924501954084662e-05 0  
15 241606  -2 -4.05 0  3 0 0   6.331744237021014e-06 -1.98568967996679e-05 0   1.571720523161832e-05 -3.881775996452536e-05 0  
15 217734  -1.9 -4.05 0  3.1 0 0   6.522186944585371e-06 -1.946681788438619e-05 0   1.560396015305894e-05 -3.801710627706137e-05 0  
15 231154  -1.8 -4.05 0  3.2 0 0   6.831628361553439e-06 -1.922456652465009e-05 0   1.495451099962561e-05 -3.705049753967987e-05 0  
15 230935  -1.7 -4.05 0  3.3 0 0   7.336968502132807e-06 -1.870376105332812e-05 0   1.479154718438992e-05 -3.645753850997635e-05 0  
15 244088  -1.6 -4.05 0  3.4 0 0   7.510406158489288e-06 -1.835767050618192e-05 0   1.458953021087582e-05 -3.585813378152378e-05 0  
15 218768  -1.5 -4.05 0  3.5 0 0   7.94567575055586e-06 -1.786412147242785e-05 0   1.414438186266714e-05 -3.489594725724493e-05 0  
15 242387  -1.4 -4.05 0  3.6 0 0   8.183801049391464e-06 -1.767759727273541e-05 0   1.377331843078512e-05 -3.459697416535387e-05 0  
15 242278  -1.3 -4.05 0  3.7 0 0   8.299488716603885e-06 -1.729735558319428e-05 0   1.361988919680937e-05 -3.397908442575454e-05 0  
15 239851  -1.2 -4.05 0  3.8 0 0   8.54945866234167e-06 -1.71257775573655e-05 0   1.312256985587165e-05 -3.3300455011466e-05 0  
15 242593  -1.1 -4.05 0  3.9 0 0   8.904712035879593e-06 -1.66937673726263e-05 0   1.285030791152962e-05 -3.296099698775826e-05 0  
15 216498  -1 -4.05 0  4 0 0   9.043128306524071e-06 -1.641024393320579e-05 0   1.255479279963466e-05 -3.265032912703678e-05 0  
15 222660  -0.9000000000000004 -4.05 0  4.1 0 0   9.232835356819818e-06 -1.616400032084572e-05 0   1.211153096136383e-05 -3.185519527368341e-05 0  
15 246205  -0.7999999999999998 -4.05 0  4.2 0 0   9.538911477877023e-06 -1.573073902481122e-05 0   1.189587962360447e-05 -3.154533212814184e-05 0  
15 218570  -0.7000000000000002 -4.05 0  4.3 0 0   9.665149698058918e-06 -1.547357427555181e-05 0   1.167980319592872e-05 -3.119937967670586e-05 0  
15 228468  -0.5999999999999996 -4.05 0  4.4 0 0   9.83953734888434e-06 -1.527881803884031e-05 0   1.117945655514097e-05 -3.059790513791627e-05 0  
15 215205  -0.5 -4.05 0  4.5 0 0   1.011236890657375e-05 -1.48999934393261e-05 0   1.087396565698472e-05 -3.039400286185615e-05 0  
15 237449  -0.3999999999999995 -4.05 0  4.600000000000001 0 0   1.020394094984048e-05 -1.46287269255814e-05 0   1.068300661235567e-05 -3.009579351809406e-05 0  
15 220695  -0.3000000000000007 -4.05 0  4.699999999999999 0 0   1.039704174012491e-05 -1.44699696556878e-05 0   1.017804145689305e-05 -2.955779126615973e-05 0  
15 244025  -0.2000000000000002 -4.05 0  4.8 0 0   1.064142315260934e-05 -1.410196439072774e-05 0   9.891239284656045e-06 -2.94140798113296e-05 0  
15 221556  -0.09999999999999964 -4.05 0  4.9 0 0   1.074800442624375e-05 -1.390305779574302e-05 0   9.671465348776165e-06 -2.916890586861925e-05 0  
15 228208  0 -4.05 0  5 0 0   1.096089467252288e-05 -1.3597937121336e-05 0   9.065577450209118e-06 -2.8930645469296e-05 0  
15 249095  0.09999999999999964 -4.05 0  5.1 0 0   1.112927765002398e-05 -1.335456896700733e-05 0   8.78942661846141e-06 -2.866597470867899e-05 0  
15 242680  0.2000000000000002 -4.05 0  5.2 0 0   1.123207815080171e-05 -1.316266257851348e-05 0   8.532279516724334e-06 -2.855164140659616e-05 0  
15 214591  0.3000000000000007 -4.05 0  5.300000000000001 0 0   1.132427349196351e-05 -1.293410100900415e-05 0   8.151284643258261e-06 -2.824058851350758e-05 0  
15 225893  0.4000000000000004 -4.05 0  5.4 0 0   1.154032357127902e-05 -1.282841036180822e-05 0   7.655920209683701e-06 -2.819092528067932e-05 0  
15 215832  0.5 -4.05 0  5.5 0 0   1.173766880722526e-05 -1.253841417992417e-05 0   7.330361251193726e-06 -2.81056745645332e-05 0  
15 226871  0.6000000000000005 -4.05 0  5.600000000000001 0 0   1.183241559270763e-05 -1.233774623104165e-05 0   7.078375961070207e-06 -2.801419476135096e-05 0  
15 236882  0.6999999999999993 -4.05 0  5.699999999999999 0 0   1.213329994823997e-05 -1.214112288396105e-05 0   6.432183744959144e-06 -2.783642811492876e-05 0  
15 253221  0.7999999999999998 -4.05 0  5.8 0 0   1.223593590440105e-05 -1.197313162964227e-05 0   6.16998119959758e-06 -2.783277757517633e-05 0  
15 245198  0.8999999999999995 -4.05 0  5.899999999999999 0 0   1.232381125965566e-05 -1.177231128841189e-05 0   5.831647400904999e-06 -2.776143977346879e-05 0  
15 230123  1 -4.05 0  6 0 0   1.26503835087919e-05 -1.152683946478543e-05 0   5.156563746260695e-06 -2.787302088771981e-05 0  
15 248928  1.1 -4.05 0  6.1 0 0   1.274924852622591e-05 -1.138639310851487e-05 0   4.89874339527907e-06 -2.788001366550719e-05 0  
15 224819  1.2 -4.05 0  6.2 0 0   1.295776653162471e-05 -1.132829074212104e-05 0   4.353943197244609e-06 -2.773331791725009e-05 0  
15 230868  1.3 -4.05 0  6.3 0 0   1.319183651536052e-05 -1.099998917163808e-05 0   3.881060685103493e-06 -2.816737823934518e-05 0  
15 252837  1.4 -4.05 0  6.4 0 0   1.335711844349836e-05 -1.090248034139527e-05 0   3.523646876998215e-06 -2.824784998865446e-05 0  
15 216200  1.5 -4.05 0  6.5 0 0   1.348073367481335e-05 -1.069630123157889e-05 0   3.217167415619365e-06 -2.848534579392124e-05 0  
15 247107  1.600000000000001 -4.05 0  6.600000000000001 0 0   1.38721482010962e-05 -1.053564738179736e-05 0   2.436215993623786e-06 -2.870886000296696e-05 0  
15 230934  1.7 -4.05 0  6.7 0 0   1.401409503710592e-05 -1.041044385847751e-05 0   2.148232603018871e-06 -2.891827375041053e-05 0  
15 231153  1.800000000000001 -4.05 0  6.800000000000001 0 0   1.425862521655524e-05 -1.035296343560119e-05 0   1.682416846185419e-06 -2.904009511960765e-05 0  
15 217733  1.899999999999999 -4.05 0  6.899999999999999 0 0   1.463556182850195e-05 -1.005726842841399e-05 0   9.76268925012222e-07 -2.965732695856677e-05 0  
15 241605  2 -4.05 0  7 0 0   1.475367076868121e-05 -9.897869324848249e-06 0   7.730398376426528e-07 -3.006820544283403e-05 0  
15 233765  2.1 -4.05 0  7.1 0 0   1.504106802315257e-05 -9.817890595413895e-06 0   2.651928926646757e-07 -3.029408537393377e-05 0  
15 234642  2.199999999999999 -4.05 0  7.199999999999999 0 0   1.542901313694104e-05 -9.620346998230611e-06 0   -2.8725815002335e-07 -3.086954463105834e-05 0  
15 238871  2.3 -4.05 0  7.3 0 0   1.571266483560256e-05 -9.403378091415657e-06 0   -7.878345736379855e-07 -3.159443502767645e-05 0  
15 252124  2.4 -4.05 0  7.4 0 0   1.594008883943135e-05 -9.248864981917584e-06 0   -1.114775938736851e-06 -3.209244887953169e-05 0  
15 225693  2.5 -4.05 0  7.5 0 0   1.651337018637343e-05 -9.020910630804478e-06 0   -1.885826749198696e-06 -3.295585851941646e-05 0  
15 238597  2.6 -4.05 0  7.6 0 0   1.674902989099759e-05 -8.835929572013554e-06 0   -2.176306218784271e-06 -3.365428662430517e-05 0  
15 217244  2.7 -4.05 0  7.7 0 0   1.715522648564234e-05 -8.849488073428904e-06 0   -2.48099392204798e-06 -3.428861133982289e-05 0  
15 225817  2.800000000000001 -4.05 0  7.800000000000001 0 0   1.751616415277425e-05 -8.724540593564589e-06 0   -2.863202414830207e-06 -3.491750619063691e-05 0  
15 247628  2.9 -4.05 0  7.9 0 0   1.799414573543882e-05 -8.232481264146101e-06 0   -3.573737873366345e-06 -3.650147137098173e-05 0  
15 242114  3 -4.05 0  8 0 0   1.856243244551404e-05 -8.242937423739646e-06 0   -3.982663653256946e-06 -3.725646723946527e-05 0  
15 219745  3.100000000000001 -4.05 0  8.100000000000001 0 0   1.914557326709214e-05 -7.597356756764567e-06 0   -4.652795049950309e-06 -3.893546771776071e-05 0  
15 236709  3.199999999999999 -4.05 0  8.199999999999999 0 0   1.9634855013237e-05 -7.479940278500366e-06 0   -4.943834342926653e-06 -3.952819831394561e-05 0  
15 240071  3.299999999999999 -4.05 0  8.299999999999999 0 0   1.998148434164456e-05 -7.110318062861047e-06 0   -5.056731596141117e-06 -4.153616966888832e-05 0  
15 250256  3.4 -4.05 0  8.4 0 0   2.09835195903842e-05 -6.686241010209724e-06 0   -6.218937190501095e-06 -4.339806225532247e-05 0  
15 253019  3.5 -4.05 0  8.5 0 0   2.156733001079246e-05 -6.563153670417765e-06 0   -6.358332016328204e-06 -4.404981686571136e-05 0  
15 241950  3.6 -4.05 0  8.6 0 0   2.194256052430888e-05 -5.929163837709896e-06 0   -6.362392911640063e-06 -4.679173645572368e-05 0  
15 229413  3.699999999999999 -4.05 0  8.699999999999999 0 0   2.324562239646192e-05 -5.29554115139344e-06 0   -7.226711970127753e-06 -4.897506943171009e-05 0  
15 215002  3.800000000000001 -4.05 0  8.800000000000001 0 0   2.368289456941087e-05 -4.807905371336831e-06 0   -7.486149723550523e-06 -5.1371104969649e-05 0  
15 226950  3.9 -4.05 0  8.9 0 0   2.464003903346074e-05 -4.76519133974819e-06 0   -7.505526159353598e-06 -5.401857470595239e-05 0  
15 217639  4 -4.05 0  9 0 0   2.505516577315427e-05 -3.578796171114021e-06 0   -7.245480599060022e-06 -5.698536407641036e-05 0  
15 254076  4.1 -4.05 0  9.1 0 0   2.651930011468486e-05 -2.762908839376056e-06 0   -8.262231518077479e-06 -6.157632309862493e-05 0  
15 231985  4.200000000000001 -4.05 0  9.200000000000001 0 0   2.820599207405605e-05 -1.978810856022653e-06 0   -8.080579888704699e-06 -6.482606742064939e-05 0  
15 214864  4.300000000000001 -4.05 0  9.300000000000001 0 0   2.95859017116467e-05 -6.347869080788535e-07 0   -9.414543863470876e-06 -7.094264961978597e-05 0  
15 246381  4.399999999999999 -4.05 0  9.399999999999999 0 0   3.021510361066702e-05 3.532127051232917e-07 0   -9.144663930982233e-06 -7.703031041838768e-05 0  
15 226657  4.5 -4.05 0  9.5 0 0   3.133071496456107e-05 1.614051961426957e-06 0   -8.011397433496312e-06 -8.333486754192113e-05 0  
15 237529  4.6 -4.05 0  9.6 0 0   3.383309139769089e-05 2.34190302441338e-06 0   -5.986970770582335e-06 -9.083848250598936e-05 0  
15 234914  4.699999999999999 -4.05 0  9.699999999999999 0 0   3.540479739921106e-05 4.771514733828246e-06 0   -7.633396422949967e-06 -0.0001111756060963795 0  
15 225769  4.800000000000001 -4.05 0  9.800000000000001 0 0   3.986030318783233e-05 5.706620152305664e-06 0   4.056890625882617e-06 -0.0001299015285729649 0  
15 217981  4.9 -4.05 0  9.9 0 0   4.159950040883917e-05 3.665818086136946e-06 0   1.360026916268076e-05 -0.000174421121743297 0  
15 230356  5 -4.05 0  10 0 0   7.563564501217312e-05 2.971073733741558e-05 0   0.0001558034062165148 -0.0001770992893071199 0  
