15 228119  -5 -4.05 0  0 0 0   -6.891780051510726e-05 -3.153858474885807e-05 0   -9.847171813007899e-05 -0.0002697157565829111 0  
15 215744  -4.9 -4.05 0  0.1 0 0   -2.516533156283682e-05 -5.102462944572665e-05 0   6.941101176304032e-05 -0.0002315070724275784 0  
15 223532  -4.8 -4.05 0  0.2 0 0   -2.198017710648703e-05 -4.320180549821639e-05 0   8.093801825806782e-05 -0.0001653664014772509 0  
15 232677  -4.7 -4.05 0  0.3 0 0   -1.212930081567407e-05 -4.038325781390711e-05 0   8.726131777835652e-05 -0.0001350958453598915 0  
15 235292  -4.6 -4.05 0  0.4 0 0   -1.005223808659209e-05 -3.73395945271332e-05 0   8.072143439935217e-05 -0.0001001933485731826 0  
15 224422  -4.5 -4.05 0  0.5 0 0   -5.239968535472941e-06 -3.515408125188274e-05 0   7.656775337467909e-05 -8.840013666262109e-05 0  
15 244144  -4.4 -4.05 0  0.6 0 0   -2.953694938931037e-06 -3.393445111036369e-05 0   7.484150284300245e-05 -7.702229128859345e-05 0  
15 212629  -4.3 -4.05 0  0.7000000000000001 0 0   -1.84235941441159e-06 -3.202231519894641e-05 0   7.336301476434416e-05 -6.697773541311514e-05 0  
15 229748  -4.2 -4.05 0  0.8 0 0   -6.916284875507772e-07 -3.026833588846978e-05 0   6.794756677566682e-05 -5.618581753923102e-05 0  
15 251841  -4.1 -4.05 0  0.8999999999999999 0 0   1.606342304206598e-06 -2.924788691363589e-05 0   6.342061154014948e-05 -5.039958001139266e-05 0  
15 215404  -4 -4.05 0  1 0 0   2.691802862997417e-06 -2.72583133093425e-05 0   5.823548750133033e-05 -4.320004909787872e-05 0  
15 224713  -3.9 -4.05 0  1.1 0 0   3.337172343416406e-06 -2.662130744843574e-05 0   5.733530152171595e-05 -3.679881610223895e-05 0  
15 212765  -3.8 -4.05 0  1.2 0 0   4.378182983119303e-06 -2.482200721711306e-05 0   5.461037866868676e-05 -3.402317584965883e-05 0  
15 227178  -3.7 -4.05 0  1.3 0 0   4.666340203478628e-06 -2.36465168091532e-05 0   5.310759985010204e-05 -3.029866500855669e-05 0  
15 239715  -3.6 -4.05 0  1.4 0 0   5.372095440398655e-06 -2.272409421802402e-05 0   4.855690214151682e-05 -2.641315123506557e-05 0  
15 250782  -3.5 -4.05 0  1.5 0 0   5.739641483447355e-06 -2.13312026544378e-05 0   4.746594231462564e-05 -2.205824243188548e-05 0  
15 248021  -3.4 -4.05 0  1.6 0 0   6.199051767838415e-06 -2.096446360636342e-05 0   4.563385700807714e-05 -2.111651497319067e-05 0  
15 237836  -3.3 -4.05 0  1.7 0 0   6.260190219773212e-06 -1.99642604193917e-05 0   4.164690853163382e-05 -1.823102137355273e-05 0  
15 234472  -3.2 -4.05 0  1.8 0 0   6.492171691066181e-06 -1.877125845917496e-05 0   4.050462303888114e-05 -1.543399977056714e-05 0  
15 217508  -3.1 -4.05 0  1.9 0 0   6.713403750134225e-06 -1.841959512601313e-05 0   3.876298156417317e-05 -1.459862694597538e-05 0  
15 239879  -3 -4.05 0  2 0 0   6.718636972925102e-06 -1.768938068831896e-05 0   3.640483219477519e-05 -1.126274796832416e-05 0  
15 245393  -2.9 -4.05 0  2.1 0 0   6.909040755046295e-06 -1.707912328419853e-05 0   3.426139314392871e-05 -1.073795567418587e-05 0  
15 223580  -2.8 -4.05 0  2.2 0 0   6.776424290068361e-06 -1.625252683261358e-05 0   3.216820530559973e-05 -8.00387142628825e-06 0  
15 215007  -2.7 -4.05 0  2.3 0 0   6.800951914982117e-06 -1.585142153066182e-05 0   3.067340503492069e-05 -7.17333009188359e-06 0  
15 236362  -2.6 -4.05 0  2.4 0 0   6.940467255250535e-06 -1.529964679617205e-05 0   2.901827858564285e-05 -6.883071533726054e-06 0  
15 223458  -2.5 -4.05 0  2.5 0 0   6.929534373959281e-06 -1.487854869288222e-05 0   2.797314312477824e-05 -5.866155784094162e-06 0  
15 249889  -2.4 -4.05 0  2.6 0 0   6.859285429386408e-06 -1.434122638538024e-05 0   2.533901312654942e-05 -4.669252491134451e-06 0  
15 236634  -2.3 -4.05 0  2.7 0 0   6.820979544684344e-06 -1.404732426531219e-05 0   2.425413216591756e-05 -3.916143416517887e-06 0  
15 232407  -2.2 -4.05 0  2.8 0 0   6.684565837185991e-06 -1.359224019716748e-05 0   2.288643850494911e-05 -2.926128623200949e-06 0  
15 231530  -2.1 -4.05 0  2.9 0 0   6.662682402382158e-06 -1.323860402477686e-05 0   2.089861113572025e-05 -2.112568289183367e-06 0  
15 239370  -2 -4.05 0  3 0 0   6.551338064765891e-06 -1.309338149586142e-05 0   1.942636266453676e-05 -1.817539572086108e-06 0  
15 215498  -1.9 -4.05 0  3.1 0 0   6.526083215309397e-06 -1.283416339572727e-05 0   1.877353029507665e-05 -1.26825537550071e-06 0  
15 228918  -1.8 -4.05 0  3.2 0 0   6.348915964217439e-06 -1.255018835431485e-05 0   1.684352611126816e-05 -6.254442617287248e-08 0  
15 228699  -1.7 -4.05 0  3.3 0 0   6.308950874346284e-06 -1.238438822764865e-05 0   1.531453401285368e-05 -2.216610661756602e-07 0  
15 241852  -1.6 -4.05 0  3.4 0 0   6.254142591709949e-06 -1.223388706747541e-05 0   1.45082581079585e-05 4.638944431020753e-08 0  
15 216532  -1.5 -4.05 0  3.5 0 0   6.134430178699607e-06 -1.202456768578837e-05 0   1.258035543587853e-05 6.143933928143275e-07 0  
15 240151  -1.4 -4.05 0  3.6 0 0   6.047708963282522e-06 -1.196880463689293e-05 0   1.127463458202096e-05 7.021489791397828e-07 0  
15 240042  -1.3 -4.05 0  3.7 0 0   6.012401148086655e-06 -1.187083591649984e-05 0   1.068630511014655e-05 8.875685128997141e-07 0  
15 237615  -1.2 -4.05 0  3.8 0 0   5.917879873834631e-06 -1.177468332855952e-05 0   9.105162866500371e-06 1.715064272853756e-06 0  
15 240357  -1.1 -4.05 0  3.9 0 0   5.860759690614128e-06 -1.176115269083469e-05 0   7.666174728530178e-06 1.217689880310402e-06 0  
15 214262  -1 -4.05 0  4 0 0   5.824977576254081e-06 -1.174893713490333e-05 0   6.752155554175937e-06 1.047100976604362e-06 0  
15 220424  -0.9000000000000004 -4.05 0  4.1 0 0   5.790070907497197e-06 -1.172172197630092e-05 0   5.436625365467032e-06 1.852139007690878e-06 0  
15 243969  -0.7999999999999998 -4.05 0  4.2 0 0   5.765240117047363e-06 -1.175091095185002e-05 0   4.233048736161996e-06 1.255850813900589e-06 0  
15 216334  -0.7000000000000002 -4.05 0  4.3 0 0   5.759463900852774e-06 -1.177982975683958e-05 0   3.510137187700407e-06 1.185427545158033e-06 0  
15 226232  -0.5999999999999996 -4.05 0  4.4 0 0   5.781852994567183e-06 -1.184147913875153e-05 0   2.171195523478081e-06 1.714546649746185e-06 0  
15 212969  -0.5 -4.05 0  4.5 0 0   5.798686199503036e-06 -1.189871578594764e-05 0   9.247763895787325e-07 1.050637340023475e-06 0  
15 235213  -0.3999999999999995 -4.05 0  4.600000000000001 0 0   5.822441388759689e-06 -1.197207166078393e-05 0   3.620841035594652e-07 8.272683909293921e-07 0  
15 218459  -0.3000000000000007 -4.05 0  4.699999999999999 0 0   5.916662420391017e-06 -1.210734219229959e-05 0   -9.688717543115954e-07 1.278473290289295e-06 0  
15 241789  -0.2000000000000002 -4.05 0  4.8 0 0   5.972642829662686e-06 -1.21864613420869e-05 0   -2.062177947910471e-06 5.320284631113448e-07 0  
15 219320  -0.09999999999999964 -4.05 0  4.9 0 0   6.03100447498818e-06 -1.228908633850445e-05 0   -2.678389112985638e-06 3.862152452988044e-07 0  
15 225972  0 -4.05 0  5 0 0   6.240319193141775e-06 -1.241520888863382e-05 0   -4.125073715844415e-06 -5.059373208229911e-08 0  
15 246859  0.09999999999999964 -4.05 0  5.1 0 0   6.340913580312607e-06 -1.257016190375423e-05 0   -4.94939074842729e-06 -3.00171983078773e-07 0  
15 240444  0.2000000000000002 -4.05 0  5.2 0 0   6.453635393713353e-06 -1.265998153397382e-05 0   -5.565732579534272e-06 -6.325059930603616e-07 0  
15 212355  0.3000000000000007 -4.05 0  5.300000000000001 0 0   6.651807934226345e-06 -1.288549421719909e-05 0   -6.307888655691235e-06 -8.005939149870883e-07 0  
15 223657  0.4000000000000004 -4.05 0  5.4 0 0   6.916430371298968e-06 -1.294367992462492e-05 0   -7.486153208452126e-06 -1.006645314268612e-06 0  
15 213596  0.5 -4.05 0  5.5 0 0   7.089951574518888e-06 -1.308490501303675e-05 0   -8.377940286680499e-06 -1.629290165984509e-06 0  
15 224635  0.6000000000000005 -4.05 0  5.600000000000001 0 0   7.249351089496855e-06 -1.322861228080646e-05 0   -8.912438342310175e-06 -2.02381367515013e-06 0  
15 234646  0.6999999999999993 -4.05 0  5.699999999999999 0 0   7.666174047439578e-06 -1.347445891478408e-05 0   -1.038823951862028e-05 -2.316527230157572e-06 0  
15 250985  0.7999999999999998 -4.05 0  5.8 0 0   7.857357174055959e-06 -1.35780472191524e-05 0   -1.092243454366842e-05 -2.735777566462844e-06 0  
15 242962  0.8999999999999995 -4.05 0  5.899999999999999 0 0   8.152643996589548e-06 -1.380200699324652e-05 0   -1.148624311067895e-05 -3.171637806723832e-06 0  
15 227887  1 -4.05 0  6 0 0   8.665229351100326e-06 -1.390572514905e-05 0   -1.295432819386003e-05 -3.903445746421957e-06 0  
15 246692  1.1 -4.05 0  6.1 0 0   8.899287510910625e-06 -1.407226823126051e-05 0   -1.343521789116432e-05 -4.276192287190617e-06 0  
15 222583  1.2 -4.05 0  6.2 0 0   9.443241743470332e-06 -1.440901835819339e-05 0   -1.44220598763331e-05 -4.321957577140684e-06 0  
15 228632  1.3 -4.05 0  6.3 0 0   9.852315800813749e-06 -1.428541626051841e-05 0   -1.539931229739555e-05 -5.5401619544794e-06 0  
15 250601  1.4 -4.05 0  6.4 0 0   1.020062536232109e-05 -1.437652522223026e-05 0   -1.609231836477692e-05 -5.872880284203685e-06 0  
15 213964  1.5 -4.05 0  6.5 0 0   1.059219609019987e-05 -1.450613339902193e-05 0   -1.661641214629507e-05 -6.632827939452579e-06 0  
15 244871  1.600000000000001 -4.05 0  6.600000000000001 0 0   1.136232366112308e-05 -1.464148738366394e-05 0   -1.815691882137323e-05 -7.269094042226115e-06 0  
15 228698  1.7 -4.05 0  6.7 0 0   1.168789247949463e-05 -1.476701325241886e-05 0   -1.870121879029435e-05 -7.806805414440829e-06 0  
15 228917  1.800000000000001 -4.05 0  6.800000000000001 0 0   1.24053410392698e-05 -1.510209078520522e-05 0   -1.955694460861052e-05 -8.153228092520892e-06 0  
15 215497  1.899999999999999 -4.05 0  6.899999999999999 0 0   1.314703802665108e-05 -1.488321441839302e-05 0   -2.094231796580248e-05 -9.404056901318042e-06 0  
15 239369  2 -4.05 0  7 0 0   1.345113243077407e-05 -1.49391999702056e-05 0   -2.133384393224018e-05 -1.020165333242944e-05 0  
15 231529  2.1 -4.05 0  7.1 0 0   1.407213670407033e-05 -1.496616403122084e-05 0   -2.23290418452024e-05 -1.061925912696979e-05 0  
15 232406  2.199999999999999 -4.05 0  7.199999999999999 0 0   1.507567087140316e-05 -1.496947035365542e-05 0   -2.347677111309192e-05 -1.165090312215539e-05 0  
15 236635  2.3 -4.05 0  7.3 0 0   1.563288902944535e-05 -1.497084736529555e-05 0   -2.445817324137067e-05 -1.287210410641851e-05 0  
15 249888  2.4 -4.05 0  7.4 0 0   1.615579612562409e-05 -1.4900698260642e-05 0   -2.514368886579257e-05 -1.370072737651856e-05 0  
15 223457  2.5 -4.05 0  7.5 0 0   1.745361266345183e-05 -1.484426723880744e-05 0   -2.681396768368892e-05 -1.506332558861428e-05 0  
15 236361  2.6 -4.05 0  7.6 0 0   1.798682980866731e-05 -1.474641004094515e-05 0   -2.747020673385912e-05 -1.615022278687005e-05 0  
15 215008  2.7 -4.05 0  7.7 0 0   1.898407877584662e-05 -1.514540127082672e-05 0   -2.837607860078917e-05 -1.688218817553003e-05 0  
15 223581  2.800000000000001 -4.05 0  7.800000000000001 0 0   1.978011048625258e-05 -1.510586341974679e-05 0   -2.931826678844243e-05 -1.778381321950948e-05 0  
15 245392  2.9 -4.05 0  7.9 0 0   2.073169361306929e-05 -1.448626675292636e-05 0   -3.0801158207968e-05 -2.028609781986115e-05 0  
15 239878  3 -4.05 0  8 0 0   2.201290921981236e-05 -1.478868618635595e-05 0   -3.207352844989547e-05 -2.112290040027012e-05 0  
15 217509  3.100000000000001 -4.05 0  8.100000000000001 0 0   2.322255835892489e-05 -1.375991940001479e-05 0   -3.366567464095725e-05 -2.393603787024558e-05 0  
15 234473  3.199999999999999 -4.05 0  8.199999999999999 0 0   2.430890699085635e-05 -1.365879615954427e-05 0   -3.470277910700044e-05 -2.476822365620607e-05 0  
15 237835  3.299999999999999 -4.05 0  8.299999999999999 0 0   2.509607752830892e-05 -1.3330403821777e-05 0   -3.533706822392638e-05 -2.753910773254167e-05 0  
15 248020  3.4 -4.05 0  8.4 0 0   2.714689979486928e-05 -1.278622018253614e-05 0   -3.810451755911944e-05 -3.022737105089039e-05 0  
15 250783  3.5 -4.05 0  8.5 0 0   2.846298071674993e-05 -1.26468039805816e-05 0   -3.912658765916916e-05 -3.113144947377092e-05 0  
15 239714  3.6 -4.05 0  8.6 0 0   2.932506414113009e-05 -1.174174089493135e-05 0   -3.969038413201981e-05 -3.511290118960592e-05 0  
15 227177  3.699999999999999 -4.05 0  8.699999999999999 0 0   3.215776871254988e-05 -1.067313349942256e-05 0   -4.259656603264154e-05 -3.848610458489707e-05 0  
15 212766  3.800000000000001 -4.05 0  8.800000000000001 0 0   3.312975138643898e-05 -9.924345560134024e-06 0   -4.354080662946971e-05 -4.189001644191483e-05 0  
15 224714  3.9 -4.05 0  8.9 0 0   3.533733251958465e-05 -1.018993443077654e-05 0   -4.499083578757279e-05 -4.492802379583993e-05 0  
15 215403  4 -4.05 0  9 0 0   3.632931576960999e-05 -7.761767725399105e-06 0   -4.531431351216184e-05 -5.005035590024791e-05 0  
15 251840  4.1 -4.05 0  9.1 0 0   3.96775006555293e-05 -6.216709234670853e-06 0   -4.86409190183848e-05 -5.650688331173062e-05 0  
15 229749  4.200000000000001 -4.05 0  9.200000000000001 0 0   4.373962310978566e-05 -4.515420762830902e-06 0   -5.090467817678974e-05 -6.141259761862847e-05 0  
15 212628  4.300000000000001 -4.05 0  9.300000000000001 0 0   4.71251409115258e-05 -1.328349247636113e-06 0   -5.446911450199786e-05 -7.05209887420892e-05 0  
15 244145  4.399999999999999 -4.05 0  9.399999999999999 0 0   4.87320547080481e-05 1.282599977506932e-06 0   -5.50592406117368e-05 -7.91573026150804e-05 0  
15 224421  4.5 -4.05 0  9.5 0 0   5.149366105759376e-05 4.944817699598786e-06 0   -5.527911703712661e-05 -8.850773895782357e-05 0  
15 235293  4.6 -4.05 0  9.6 0 0   5.754376084315688e-05 7.771332728074426e-06 0   -5.620458183550709e-05 -9.865927298235641e-05 0  
15 232678  4.699999999999999 -4.05 0  9.699999999999999 0 0   6.197410869744277e-05 1.854633622857399e-05 0   -6.031794749514381e-05 -0.00012717827876094 0  
15 223533  4.800000000000001 -4.05 0  9.800000000000001 0 0   6.89693280044798e-05 2.704980009535229e-05 0   -5.091268646932384e-05 -0.0001520816841336751 0  
15 215745  4.9 -4.05 0  9.9 0 0   6.827748931246755e-05 4.226592032333804e-05 0   -4.043895911462828e-05 -0.0002074264847378125 0  
15 228120  5 -4.05 0  10 0 0   6.08718795187535e-05 7.785886464993508e-05 0   0.0001113113928588594 -0.0002284217642307546 0  
