15 322607  -3 -4.05 0  0 0 0   -3.248397467534025e-05 -1.664859956355264e-05 0   -2.391199852803949e-05 -0.0002981186353270358 0  
15 287416  -2.94 -4.05 0  0.06 0 0   -2.203366339773721e-05 -3.836614830755522e-05 0   9.474924194274002e-05 -0.0002750793318143756 0  
15 272570  -2.88 -4.05 0  0.12 0 0   -1.523865745491071e-05 -4.321991110433753e-05 0   0.0001064509083007108 -0.0001898130533628088 0  
15 318219  -2.82 -4.05 0  0.18 0 0   -1.129984567971082e-05 -4.631050377887358e-05 0   0.0001186441331064724 -0.0001685627166733007 0  
15 284972  -2.76 -4.05 0  0.24 0 0   -1.390664811137116e-06 -4.653577950345343e-05 0   0.0001119278590592198 -0.0001419538379290376 0  
15 299031  -2.7 -4.05 0  0.3 0 0   2.063014474196646e-06 -4.536421921873257e-05 0   0.0001149448610053501 -0.0001128795481285202 0  
15 274055  -2.64 -4.05 0  0.36 0 0   6.873233239654329e-06 -4.300912673991727e-05 0   0.0001082314811783344 -9.637827807474275e-05 0  
15 295066  -2.58 -4.05 0  0.42 0 0   1.127204448311998e-05 -4.196794875293425e-05 0   0.0001012086901138298 -8.826908886011694e-05 0  
15 312327  -2.52 -4.05 0  0.48 0 0   1.31923744796036e-05 -4.031624076000773e-05 0   9.888426119923977e-05 -7.096912838957452e-05 0  
15 264667  -2.46 -4.05 0  0.54 0 0   1.540416373543504e-05 -3.912793250373213e-05 0   9.070709817159334e-05 -6.48246569935235e-05 0  
15 315777  -2.4 -4.05 0  0.6000000000000001 0 0   1.644997893861938e-05 -3.71221069380024e-05 0   8.9167855877302e-05 -5.807348344953568e-05 0  
15 318730  -2.34 -4.05 0  0.66 0 0   1.859296398916757e-05 -3.518010467919511e-05 0   8.333396494662461e-05 -5.020841069430229e-05 0  
15 282630  -2.28 -4.05 0  0.72 0 0   2.074015384589435e-05 -3.273489904365851e-05 0   8.157086753288775e-05 -4.366792204113425e-05 0  
15 294002  -2.22 -4.05 0  0.78 0 0   2.106180582022582e-05 -3.092381232265573e-05 0   7.619491349254801e-05 -4.134249600637636e-05 0  
15 282365  -2.16 -4.05 0  0.8400000000000001 0 0   2.118970591698938e-05 -3.037941997224847e-05 0   7.014687089127776e-05 -3.903986874605978e-05 0  
15 309036  -2.1 -4.05 0  0.8999999999999999 0 0   2.214109306186978e-05 -2.815559149493482e-05 0   6.883100796165046e-05 -3.29056048909152e-05 0  
15 304572  -2.04 -4.05 0  0.96 0 0   2.257914776249495e-05 -2.726785918745651e-05 0   6.440041714095654e-05 -3.086156661994002e-05 0  
15 303812  -1.98 -4.05 0  1.02 0 0   2.267171420953503e-05 -2.491341104182004e-05 0   6.085609342410354e-05 -2.826301830677412e-05 0  
15 301018  -1.92 -4.05 0  1.08 0 0   2.299137458455433e-05 -2.393719984114355e-05 0   5.772639197529071e-05 -2.474061225274599e-05 0  
15 287084  -1.86 -4.05 0  1.14 0 0   2.296765279090687e-05 -2.288798586885799e-05 0   5.488010650044354e-05 -2.312175291561318e-05 0  
15 290393  -1.8 -4.05 0  1.2 0 0   2.358617392606661e-05 -2.119863488007565e-05 0   5.277088309552785e-05 -2.038381974584272e-05 0  
15 296311  -1.74 -4.05 0  1.26 0 0   2.326685098545667e-05 -2.059824781026898e-05 0   4.879140497862769e-05 -1.954310991737109e-05 0  
15 275601  -1.68 -4.05 0  1.32 0 0   2.30383049558535e-05 -1.911758154956623e-05 0   4.681009308774221e-05 -1.829235575741476e-05 0  
15 300354  -1.62 -4.05 0  1.38 0 0   2.348138650903366e-05 -1.854088022545594e-05 0   4.596764884949985e-05 -1.717187214365898e-05 0  
15 289665  -1.56 -4.05 0  1.44 0 0   2.316837218441226e-05 -1.733011942382096e-05 0   4.258646408637114e-05 -1.478706444772097e-05 0  
15 275025  -1.5 -4.05 0  1.5 0 0   2.280999145143868e-05 -1.687192748137285e-05 0   4.013691785234247e-05 -1.434302008024866e-05 0  
15 283594  -1.44 -4.05 0  1.56 0 0   2.298095754937738e-05 -1.564310795217592e-05 0   3.851722174063212e-05 -1.2634532614284e-05 0  
15 291152  -1.38 -4.05 0  1.62 0 0   2.256044583548618e-05 -1.521961980988085e-05 0   3.538663371378258e-05 -1.214296980109088e-05 0  
15 279101  -1.32 -4.05 0  1.68 0 0   2.239695585208763e-05 -1.481972862520282e-05 0   3.423908509508076e-05 -1.252427859901989e-05 0  
15 296188  -1.26 -4.05 0  1.74 0 0   2.201894895944093e-05 -1.412905368170653e-05 0   3.206168807002255e-05 -1.115207847843537e-05 0  
15 279359  -1.2 -4.05 0  1.8 0 0   2.205131557056787e-05 -1.32124844286069e-05 0   3.106738999570891e-05 -9.936837286014658e-06 0  
15 271261  -1.14 -4.05 0  1.86 0 0   2.155760239431863e-05 -1.285338139594451e-05 0   2.865957127977703e-05 -9.467312684282901e-06 0  
15 309241  -1.08 -4.05 0  1.92 0 0   2.154859662637854e-05 -1.203817541048369e-05 0   2.732313505142941e-05 -8.374790056425915e-06 0  
15 309368  -1.02 -4.05 0  1.98 0 0   2.117764086429635e-05 -1.181172024285367e-05 0   2.529407145232609e-05 -8.078207124959063e-06 0  
15 311909  -0.96 -4.05 0  2.04 0 0   2.093016779691412e-05 -1.139454317590667e-05 0   2.358264435850529e-05 -7.761755278526459e-06 0  
15 266184  -0.9000000000000004 -4.05 0  2.1 0 0   2.067502449779914e-05 -1.113518537005677e-05 0   2.235600249216649e-05 -7.613446150204263e-06 0  
15 284550  -0.8399999999999999 -4.05 0  2.16 0 0   2.039518077277466e-05 -1.054445256265697e-05 0   2.076671010383771e-05 -6.884674597917265e-06 0  
15 264674  -0.7800000000000002 -4.05 0  2.22 0 0   2.016460731901759e-05 -1.043637367068723e-05 0   1.946421886593534e-05 -6.908348471366142e-06 0  
15 265670  -0.7199999999999998 -4.05 0  2.28 0 0   2.012608304850219e-05 -9.914326435257054e-06 0   1.833548823864154e-05 -6.07164164047286e-06 0  
15 282689  -0.6600000000000001 -4.05 0  2.34 0 0   1.976942509293762e-05 -9.743323564693693e-06 0   1.669022156143283e-05 -5.789021157095371e-06 0  
15 311120  -0.5999999999999996 -4.05 0  2.4 0 0   1.966719358501359e-05 -9.472017768262508e-06 0   1.551960735953306e-05 -5.726151478855235e-06 0  
15 299805  -0.54 -4.05 0  2.46 0 0   1.937194470230663e-05 -9.378187107531716e-06 0   1.38937205908359e-05 -5.584013065699651e-06 0  
15 263799  -0.48 -4.05 0  2.52 0 0   1.921167609175126e-05 -9.16048316855142e-06 0   1.260975837994841e-05 -5.17501399304513e-06 0  
15 282968  -0.4199999999999999 -4.05 0  2.58 0 0   1.895650265351483e-05 -8.953448755948112e-06 0   1.125546360855596e-05 -4.865043814470866e-06 0  
15 262885  -0.3599999999999999 -4.05 0  2.64 0 0   1.868698723387317e-05 -8.825359470183286e-06 0   9.528443293900232e-06 -4.997073435463107e-06 0  
15 286816  -0.2999999999999998 -4.05 0  2.7 0 0   1.856597565625534e-05 -8.736643791829382e-06 0   8.229405203333742e-06 -4.857966028138516e-06 0  
15 276090  -0.2399999999999998 -4.05 0  2.76 0 0   1.851316776692313e-05 -8.688241041662076e-06 0   7.703855107474267e-06 -5.071273274700157e-06 0  
15 272788  -0.1800000000000002 -4.05 0  2.82 0 0   1.830034846583145e-05 -8.623145879035551e-06 0   6.083629712751726e-06 -4.83523092934273e-06 0  
15 286365  -0.1200000000000001 -4.05 0  2.88 0 0   1.822604021781919e-05 -8.509321658786706e-06 0   5.254747208541271e-06 -4.299172792973595e-06 0  
15 275118  -0.06000000000000005 -4.05 0  2.94 0 0   1.811379772994649e-05 -8.501283212395544e-06 0   4.123013375245147e-06 -4.332026766977766e-06 0  
15 313149  0 -4.05 0  3 0 0   1.798654911965361e-05 -8.546653197867224e-06 0   2.523306216011209e-06 -4.998089859762408e-06 0  
15 288081  0.06000000000000005 -4.05 0  3.06 0 0   1.790902745348044e-05 -8.525177138524881e-06 0   1.291495357151753e-06 -4.463703937902314e-06 0  
15 305324  0.1200000000000001 -4.05 0  3.12 0 0   1.784833440629865e-05 -8.545966064614149e-06 0   9.785340401396959e-08 -4.555517311040585e-06 0  
15 306887  0.1800000000000002 -4.05 0  3.18 0 0   1.780290009500973e-05 -8.61449232342909e-06 0   -7.624180060526473e-07 -4.801614241581857e-06 0  
15 273676  0.2400000000000002 -4.05 0  3.24 0 0   1.778096700357727e-05 -8.696231754746347e-06 0   -2.246987922465499e-06 -5.199474308628237e-06 0  
15 275351  0.3000000000000003 -4.05 0  3.3 0 0   1.774242023325559e-05 -8.745532291511756e-06 0   -3.840607022190506e-06 -5.245869721735868e-06 0  
15 310734  0.3600000000000003 -4.05 0  3.36 0 0   1.775512969057202e-05 -8.814912903394589e-06 0   -4.807685189789709e-06 -5.436442872681175e-06 0  
15 294858  0.4199999999999999 -4.05 0  3.42 0 0   1.777609496158086e-05 -8.931432952718598e-06 0   -6.383418475698101e-06 -5.471048592857347e-06 0  
15 315308  0.4799999999999995 -4.05 0  3.48 0 0   1.787030897312455e-05 -9.106930552775505e-06 0   -7.257335963939925e-06 -5.519350068449542e-06 0  
15 284111  0.54 -4.05 0  3.54 0 0   1.791644161876563e-05 -9.143639599966391e-06 0   -8.815443767363855e-06 -5.734198235367299e-06 0  
15 285110  0.5999999999999996 -4.05 0  3.6 0 0   1.81257078661675e-05 -9.368214881707096e-06 0   -1.044008007507514e-05 -5.874863514457752e-06 0  
15 314292  0.6600000000000001 -4.05 0  3.66 0 0   1.817283660745378e-05 -9.493596161373047e-06 0   -1.151690640857595e-05 -5.838015618930012e-06 0  
15 301197  0.7199999999999998 -4.05 0  3.72 0 0   1.827853172309442e-05 -9.651655533470666e-06 0   -1.224521321234291e-05 -6.941940547359384e-06 0  
15 317993  0.7800000000000002 -4.05 0  3.78 0 0   1.845844325416846e-05 -9.905020888868049e-06 0   -1.367274972909998e-05 -6.786958318166845e-06 0  
15 281832  0.8399999999999999 -4.05 0  3.84 0 0   1.871694888032696e-05 -1.001851601637252e-05 0   -1.566710021400151e-05 -7.014652811929525e-06 0  
15 279925  0.9000000000000004 -4.05 0  3.9 0 0   1.90630338980282e-05 -1.036578361515543e-05 0   -1.699765141499841e-05 -7.643535615108955e-06 0  
15 286452  0.96 -4.05 0  3.96 0 0   1.924157852482844e-05 -1.047806599595649e-05 0   -1.790633298196369e-05 -8.566665927054682e-06 0  
15 289978  1.02 -4.05 0  4.02 0 0   1.933218160438176e-05 -1.071937964750025e-05 0   -1.900070860531948e-05 -8.485348849573981e-06 0  
15 269921  1.08 -4.05 0  4.08 0 0   1.985477933952491e-05 -1.091430296095049e-05 0   -2.062881413859971e-05 -8.871518992661811e-06 0  
15 304141  1.14 -4.05 0  4.14 0 0   2.02242935000577e-05 -1.134560741191878e-05 0   -2.270000354976969e-05 -9.342822364591971e-06 0  
15 315525  1.199999999999999 -4.05 0  4.199999999999999 0 0   2.083353243536104e-05 -1.146577255048235e-05 0   -2.464799852239192e-05 -1.039631207531812e-05 0  
15 322772  1.26 -4.05 0  4.26 0 0   2.114488030176276e-05 -1.161436377870168e-05 0   -2.622803417642826e-05 -1.174008942659015e-05 0  
15 295078  1.32 -4.05 0  4.32 0 0   2.179404700457938e-05 -1.217606320916211e-05 0   -2.783827661358569e-05 -1.180988412701638e-05 0  
15 281213  1.38 -4.05 0  4.38 0 0   2.212507965846343e-05 -1.237064737897274e-05 0   -2.880179295242053e-05 -1.279022419627097e-05 0  
15 280380  1.44 -4.05 0  4.44 0 0   2.295111940676421e-05 -1.258174723311849e-05 0   -3.07760729270285e-05 -1.355725030842409e-05 0  
15 283215  1.5 -4.05 0  4.5 0 0   2.351622403585184e-05 -1.313448522750199e-05 0   -3.302137734845377e-05 -1.498654978782706e-05 0  
15 300849  1.56 -4.05 0  4.56 0 0   2.458821868092653e-05 -1.326332955770004e-05 0   -3.553779068381999e-05 -1.572305607600071e-05 0  
15 288136  1.62 -4.05 0  4.62 0 0   2.525957993589414e-05 -1.292071013799564e-05 0   -3.664064394604211e-05 -1.903352260557026e-05 0  
15 265059  1.68 -4.05 0  4.68 0 0   2.576586747295292e-05 -1.359297298243051e-05 0   -3.793963367724263e-05 -1.956723816080874e-05 0  
15 273525  1.74 -4.05 0  4.74 0 0   2.707251446448095e-05 -1.390511319622305e-05 0   -4.042367682776288e-05 -2.149178596362871e-05 0  
15 292478  1.800000000000001 -4.05 0  4.800000000000001 0 0   2.759251477006414e-05 -1.429322475024822e-05 0   -4.222856277235861e-05 -2.217852047330712e-05 0  
15 261074  1.86 -4.05 0  4.86 0 0   2.891724475104739e-05 -1.448274107322504e-05 0   -4.436364089229204e-05 -2.444544412975126e-05 0  
15 275777  1.92 -4.05 0  4.92 0 0   3.055595061526948e-05 -1.514245636604489e-05 0   -4.712643196802982e-05 -2.566237239191838e-05 0  
15 284862  1.98 -4.05 0  4.98 0 0   3.248001211982043e-05 -1.515876718066571e-05 0   -4.971597630837072e-05 -2.813418000449587e-05 0  
15 295383  2.04 -4.05 0  5.04 0 0   3.352743906608491e-05 -1.533393628899704e-05 0   -5.239979265408076e-05 -3.161766884439779e-05 0  
15 301375  2.1 -4.05 0  5.1 0 0   3.571770735081789e-05 -1.524230675376079e-05 0   -5.633451248668428e-05 -3.324558171276189e-05 0  
15 261852  2.16 -4.05 0  5.16 0 0   3.798197190733876e-05 -1.515923372358546e-05 0   -5.784090449332667e-05 -3.660386792244909e-05 0  
15 305636  2.22 -4.05 0  5.22 0 0   4.000384279856644e-05 -1.610644820435742e-05 0   -6.119195190347503e-05 -4.14470097518699e-05 0  
15 312171  2.28 -4.05 0  5.28 0 0   4.162083870536473e-05 -1.527439876808714e-05 0   -6.288024454273434e-05 -4.557102624207384e-05 0  
15 267009  2.34 -4.05 0  5.34 0 0   4.556844527219515e-05 -1.51099961781774e-05 0   -6.684018335875589e-05 -4.817645911714169e-05 0  
15 269677  2.4 -4.05 0  5.4 0 0   4.924402913325868e-05 -1.460035257494496e-05 0   -7.402005985495937e-05 -5.800655743878349e-05 0  
15 305378  2.46 -4.05 0  5.46 0 0   5.312366792525891e-05 -1.44684548542811e-05 0   -7.49502973329051e-05 -6.124763053392277e-05 0  
15 304328  2.52 -4.05 0  5.52 0 0   5.521577981998198e-05 -1.162065262006601e-05 0   -7.479467554894338e-05 -7.211769937791801e-05 0  
15 300699  2.58 -4.05 0  5.58 0 0   5.867113723663497e-05 -1.140702117901835e-05 0   -7.59251177106146e-05 -7.503148865390394e-05 0  
15 285482  2.64 -4.05 0  5.64 0 0   6.482104667416763e-05 -9.474995858693019e-06 0   -8.052811497266492e-05 -8.715863837582632e-05 0  
15 276939  2.699999999999999 -4.05 0  5.699999999999999 0 0   6.752343273248602e-05 -7.284121584174783e-06 0   -8.132121288356329e-05 -9.751715944016125e-05 0  
15 290916  2.76 -4.05 0  5.76 0 0   7.739300069992187e-05 -1.253692757201968e-06 0   -8.993535605984467e-05 -0.000122538416251217 0  
15 279567  2.82 -4.05 0  5.82 0 0   8.418779187004295e-05 2.254806996985007e-06 0   -8.501707776572198e-05 -0.0001353915893446134 0  
15 305508  2.88 -4.05 0  5.88 0 0   9.506322566466344e-05 1.249119271211699e-05 0   -8.713649187639489e-05 -0.0001585808981045969 0  
15 269471  2.94 -4.05 0  5.94 0 0   0.0001053720033289164 2.202611386131585e-05 0   -6.386673735105054e-05 -0.000196393483799953 0  
15 272522  3 -4.05 0  6 0 0   0.0001164803837662154 6.941145942582216e-05 0   1.931334142990515e-05 -0.0002303069274485307 0  
