15 404830  -4 -4.05 0  0 0 0   -3.983460034991809e-05 2.386661665077991e-05 0   -8.308568715475334e-05 -0.0002561598932891741 0  
15 447268  -3.92 -4.05 0  0.08 0 0   -4.931026161570252e-05 1.506630611088598e-06 0   3.723814461089204e-05 -0.0002204518670148596 0  
15 406317  -3.84 -4.05 0  0.16 0 0   -5.038089052446606e-05 -8.862557596953742e-06 0   7.450052802072645e-05 -0.000187677532151881 0  
15 433128  -3.76 -4.05 0  0.24 0 0   -4.322748680904692e-05 -1.431652667738649e-05 0   6.822296942012723e-05 -0.0001497613719775468 0  
15 422925  -3.68 -4.05 0  0.32 0 0   -4.045205191765091e-05 -2.092880643145755e-05 0   7.535153473228881e-05 -0.0001230480885785401 0  
15 430128  -3.6 -4.05 0  0.4 0 0   -3.757924588163025e-05 -2.455704785630066e-05 0   6.977839282945846e-05 -0.0001010957828613038 0  
15 428453  -3.52 -4.05 0  0.48 0 0   -3.355387616239391e-05 -2.615002754523732e-05 0   6.845050127301643e-05 -9.347204231981371e-05 0  
15 429989  -3.44 -4.05 0  0.5600000000000001 0 0   -3.327800197848408e-05 -2.815505495173433e-05 0   7.383526599720946e-05 -8.461053886381787e-05 0  
15 447983  -3.36 -4.05 0  0.64 0 0   -2.826156166115825e-05 -3.039839745693981e-05 0   6.348122195195096e-05 -7.106892394549789e-05 0  
15 432462  -3.28 -4.05 0  0.72 0 0   -2.730407379711652e-05 -3.111268657483238e-05 0   6.586047620089203e-05 -6.704868406100586e-05 0  
15 403281  -3.2 -4.05 0  0.8 0 0   -2.421159849492691e-05 -3.26169982946194e-05 0   6.318290350558909e-05 -5.54196534949743e-05 0  
15 430623  -3.12 -4.05 0  0.88 0 0   -2.226120651366048e-05 -3.309910676880645e-05 0   5.956354021459132e-05 -5.218101234759527e-05 0  
15 422798  -3.04 -4.05 0  0.96 0 0   -2.095107122178971e-05 -3.349854544478382e-05 0   5.834194165500652e-05 -4.60366251066862e-05 0  
15 443352  -2.96 -4.05 0  1.04 0 0   -1.860773694238333e-05 -3.354051046821423e-05 0   5.308569711357132e-05 -4.389249882364192e-05 0  
15 424769  -2.88 -4.05 0  1.12 0 0   -1.709502895160257e-05 -3.459041482709426e-05 0   5.172737361897788e-05 -3.869470758739463e-05 0  
15 430558  -2.8 -4.05 0  1.2 0 0   -1.561383477357474e-05 -3.461467947060487e-05 0   4.832334702689926e-05 -3.440414232983371e-05 0  
15 424898  -2.72 -4.05 0  1.28 0 0   -1.455065166237695e-05 -3.462697462407573e-05 0   4.863204379367729e-05 -3.238768767481991e-05 0  
15 451519  -2.64 -4.05 0  1.36 0 0   -1.257968503774645e-05 -3.488539336638776e-05 0   4.532874733834493e-05 -2.774823948400139e-05 0  
15 414150  -2.56 -4.05 0  1.44 0 0   -1.159650404711329e-05 -3.490397252352154e-05 0   4.30097058890899e-05 -2.466023236440519e-05 0  
15 422778  -2.48 -4.05 0  1.52 0 0   -1.053163619546896e-05 -3.487588141586799e-05 0   4.158429157684242e-05 -2.389124542297952e-05 0  
15 442248  -2.4 -4.05 0  1.6 0 0   -8.913207274647032e-06 -3.515519824368735e-05 0   3.877134642017981e-05 -1.976022078145363e-05 0  
15 413843  -2.32 -4.05 0  1.68 0 0   -8.322304758418553e-06 -3.503682717120827e-05 0   3.654048471532365e-05 -1.866694492946418e-05 0  
15 442162  -2.24 -4.05 0  1.76 0 0   -6.76297167846859e-06 -3.498301799454481e-05 0   3.332179409776346e-05 -1.75977885253243e-05 0  
15 427203  -2.16 -4.05 0  1.84 0 0   -5.548805794443074e-06 -3.491634440044508e-05 0   3.205933625453124e-05 -1.50275201272719e-05 0  
15 437062  -2.08 -4.05 0  1.92 0 0   -4.749330190299463e-06 -3.498380043238632e-05 0   3.006455571777941e-05 -1.424446281943475e-05 0  
15 417152  -2 -4.05 0  2 0 0   -3.914718498575134e-06 -3.470017662421561e-05 0   2.858585520224563e-05 -1.321337707623892e-05 0  
15 422473  -1.92 -4.05 0  2.08 0 0   -3.056953383155983e-06 -3.448569734302871e-05 0   2.58468029248007e-05 -1.144699154566331e-05 0  
15 406047  -1.84 -4.05 0  2.16 0 0   -1.976711196853033e-06 -3.458216976010876e-05 0   2.450098996558975e-05 -1.025201804730463e-05 0  
15 436989  -1.76 -4.05 0  2.24 0 0   -1.14892850447911e-06 -3.454314400177811e-05 0   2.26270829315786e-05 -9.755911596016735e-06 0  
15 409339  -1.68 -4.05 0  2.32 0 0   -2.798127818055655e-07 -3.481484442745134e-05 0   2.050166338457126e-05 -7.726745474325065e-06 0  
15 442609  -1.6 -4.05 0  2.4 0 0   2.912530026668085e-07 -3.412709202044477e-05 0   1.887152449247587e-05 -8.0557094442801e-06 0  
15 430345  -1.52 -4.05 0  2.48 0 0   1.288602030350815e-06 -3.410755109801425e-05 0   1.674841178853602e-05 -7.619261934672245e-06 0  
15 404048  -1.44 -4.05 0  2.56 0 0   2.428937664553218e-06 -3.387477184390838e-05 0   1.464623380417122e-05 -7.01697447268862e-06 0  
15 450042  -1.36 -4.05 0  2.64 0 0   2.992170705792222e-06 -3.376997155900199e-05 0   1.305254275373816e-05 -6.274927306006844e-06 0  
15 446408  -1.28 -4.05 0  2.72 0 0   3.546895309827248e-06 -3.367788722548294e-05 0   1.180624366863177e-05 -6.126047892389234e-06 0  
15 450348  -1.2 -4.05 0  2.8 0 0   4.587085885768456e-06 -3.353486938615074e-05 0   9.622334539543132e-06 -5.665637308680839e-06 0  
15 426576  -1.12 -4.05 0  2.88 0 0   5.264746395076844e-06 -3.349326995045164e-05 0   8.393286074289731e-06 -5.532114098205643e-06 0  
15 404796  -1.04 -4.05 0  2.96 0 0   5.906376823875022e-06 -3.321432405949034e-05 0   7.111747421234462e-06 -5.575913527767172e-06 0  
15 411751  -0.96 -4.05 0  3.04 0 0   6.376885500145209e-06 -3.303809755446797e-05 0   6.08293406500213e-06 -5.608770740298235e-06 0  
15 456698  -0.8799999999999999 -4.05 0  3.12 0 0   7.200667525552153e-06 -3.29723887680048e-05 0   4.187430556572931e-06 -5.362891378717441e-06 0  
15 425455  -0.7999999999999998 -4.05 0  3.2 0 0   7.943157386408432e-06 -3.279017728954415e-05 0   2.740436022177339e-06 -5.485203137619091e-06 0  
15 427978  -0.7200000000000002 -4.05 0  3.28 0 0   8.774984883310778e-06 -3.304392156479362e-05 0   1.047572535548165e-06 -4.854746527105207e-06 0  
15 439013  -0.6400000000000001 -4.05 0  3.36 0 0   9.377020065740819e-06 -3.241940574293719e-05 0   -1.978139439855198e-07 -5.983942167939356e-06 0  
15 424864  -0.5600000000000001 -4.05 0  3.44 0 0   1.02533150852166e-05 -3.226392672299547e-05 0   -1.870759578195651e-06 -6.257057208502222e-06 0  
15 416422  -0.48 -4.05 0  3.52 0 0   1.104745675738975e-05 -3.221413856752814e-05 0   -3.375308377677561e-06 -6.353342270100891e-06 0  
15 427843  -0.3999999999999999 -4.05 0  3.6 0 0   1.153196315261209e-05 -3.201815826806963e-05 0   -4.218099758354632e-06 -6.803452208341623e-06 0  
15 447488  -0.3199999999999998 -4.05 0  3.68 0 0   1.211603001588296e-05 -3.197604777685839e-05 0   -5.267686843221826e-06 -6.95156231613793e-06 0  
15 405014  -0.2400000000000002 -4.05 0  3.76 0 0   1.309615951504708e-05 -3.167455558292578e-05 0   -7.02045942849782e-06 -7.657300639576925e-06 0  
15 442585  -0.1600000000000001 -4.05 0  3.84 0 0   1.363292596846767e-05 -3.154888921289446e-05 0   -7.818927358416335e-06 -8.165468778829205e-06 0  
15 454141  -0.08000000000000007 -4.05 0  3.92 0 0   1.407449400024716e-05 -3.142746790085532e-05 0   -8.521213393396752e-06 -8.542857079051232e-06 0  
15 448909  0 -4.05 0  4 0 0   1.492732346693171e-05 -3.088686269147735e-05 0   -9.924658222503109e-06 -9.685606783122255e-06 0  
15 440450  0.08000000000000007 -4.05 0  4.08 0 0   1.598724568664146e-05 -3.101177200685304e-05 0   -1.150841170715049e-05 -9.922137770042219e-06 0  
15 420332  0.1600000000000001 -4.05 0  4.16 0 0   1.598412353392349e-05 -3.091561816895381e-05 0   -1.149380865704105e-05 -1.037187211675328e-05 0  
15 435793  0.2400000000000002 -4.05 0  4.24 0 0   1.737648024724187e-05 -3.064142374912008e-05 0   -1.366156784365913e-05 -1.1377399108203e-05 0  
15 424680  0.3200000000000003 -4.05 0  4.32 0 0   1.792510681448474e-05 -3.063623809018614e-05 0   -1.425359627157681e-05 -1.158236819170846e-05 0  
15 427337  0.4000000000000004 -4.05 0  4.4 0 0   1.852864838895046e-05 -3.030732423962151e-05 0   -1.514739121925845e-05 -1.268475031489247e-05 0  
15 450514  0.4800000000000004 -4.05 0  4.48 0 0   1.930559949322747e-05 -3.015140222143234e-05 0   -1.582321281283494e-05 -1.318274991216409e-05 0  
15 441399  0.5599999999999996 -4.05 0  4.56 0 0   2.023230324491878e-05 -2.987329952526367e-05 0   -1.718061263792335e-05 -1.434057385269697e-05 0  
15 420150  0.6399999999999997 -4.05 0  4.64 0 0   2.078338851988545e-05 -2.971844287354749e-05 0   -1.766684031089937e-05 -1.526349175188981e-05 0  
15 430053  0.7199999999999998 -4.05 0  4.72 0 0   2.147060181545684e-05 -2.953282257480306e-05 0   -1.852889457448423e-05 -1.569599572102866e-05 0  
15 403889  0.7999999999999998 -4.05 0  4.8 0 0   2.233053849258742e-05 -2.94458813861795e-05 0   -1.900638890545148e-05 -1.679699194073251e-05 0  
15 438906  0.8799999999999999 -4.05 0  4.88 0 0   2.29040824046749e-05 -2.914646303934631e-05 0   -1.952574771282747e-05 -1.768416683352661e-05 0  
15 419917  0.96 -4.05 0  4.96 0 0   2.397280665343299e-05 -2.890285380785073e-05 0   -2.095731978946774e-05 -1.838031078744105e-05 0  
15 418360  1.04 -4.05 0  5.04 0 0   2.546934058926184e-05 -2.858433860289085e-05 0   -2.180185612395743e-05 -1.978148227681394e-05 0  
15 438879  1.12 -4.05 0  5.12 0 0   2.547324663514214e-05 -2.832924941837799e-05 0   -2.181503878669064e-05 -2.064239246284561e-05 0  
15 438196  1.2 -4.05 0  5.2 0 0   2.652276827513639e-05 -2.817045071576646e-05 0   -2.241322043951624e-05 -2.130464303657167e-05 0  
15 447295  1.28 -4.05 0  5.28 0 0   2.778068711709221e-05 -2.769781746651094e-05 0   -2.330474019928731e-05 -2.296528467213629e-05 0  
15 450041  1.36 -4.05 0  5.36 0 0   2.85355978544375e-05 -2.75426762895159e-05 0   -2.389668468909083e-05 -2.355440155747592e-05 0  
15 404047  1.44 -4.05 0  5.44 0 0   2.953413966438976e-05 -2.697402459935633e-05 0   -2.502972844410298e-05 -2.517066860427799e-05 0  
15 430344  1.52 -4.05 0  5.52 0 0   3.076821287165913e-05 -2.654024637936594e-05 0   -2.534781448455662e-05 -2.673039367653059e-05 0  
15 442608  1.6 -4.05 0  5.6 0 0   3.207019910989647e-05 -2.626333105771022e-05 0   -2.608867105350406e-05 -2.742011032168951e-05 0  
15 409338  1.68 -4.05 0  5.68 0 0   3.307350624767377e-05 -2.647740092453273e-05 0   -2.70677372515675e-05 -2.852512876951475e-05 0  
15 436988  1.76 -4.05 0  5.76 0 0   3.438174721984806e-05 -2.529050755831989e-05 0   -2.801732389603843e-05 -3.058802210970275e-05 0  
15 406046  1.84 -4.05 0  5.84 0 0   3.555179447177958e-05 -2.502098270068184e-05 0   -2.87071758417589e-05 -3.127392783681352e-05 0  
15 422472  1.92 -4.05 0  5.92 0 0   3.651510867768576e-05 -2.435004641048811e-05 0   -2.833369794079475e-05 -3.252762827564686e-05 0  
15 417151  2 -4.05 0  6 0 0   3.818058274935015e-05 -2.347942323586202e-05 0   -2.99637198191479e-05 -3.489607430841313e-05 0  
15 437061  2.08 -4.05 0  6.08 0 0   3.919622679178069e-05 -2.305201031081901e-05 0   -3.022234289915427e-05 -3.645473170619824e-05 0  
15 427202  2.16 -4.05 0  6.16 0 0   4.047058072536615e-05 -2.264068026468745e-05 0   -3.109151042624859e-05 -3.716942929616121e-05 0  
15 442161  2.24 -4.05 0  6.24 0 0   4.156626344952523e-05 -2.142008429572434e-05 0   -3.062255690853776e-05 -3.987575956728145e-05 0  
15 413842  2.32 -4.05 0  6.32 0 0   4.379277721500586e-05 -2.09373493777784e-05 0   -3.170831973834266e-05 -4.100106067412299e-05 0  
15 442247  2.4 -4.05 0  6.4 0 0   4.511085627996372e-05 -2.048111775414599e-05 0   -3.309004956065804e-05 -4.221478698973775e-05 0  
15 422777  2.48 -4.05 0  6.48 0 0   4.721063970910405e-05 -1.845073275368384e-05 0   -3.374247889614433e-05 -4.576215963765506e-05 0  
15 414149  2.56 -4.05 0  6.56 0 0   4.842281032105831e-05 -1.811823342241607e-05 0   -3.381840792674254e-05 -4.650917129887713e-05 0  
15 451518  2.64 -4.05 0  6.64 0 0   4.999540637670458e-05 -1.674136174805493e-05 0   -3.482230024423258e-05 -4.929763789028596e-05 0  
15 424897  2.72 -4.05 0  6.72 0 0   5.258050206197185e-05 -1.458517479540396e-05 0   -3.567553272237943e-05 -5.31615523319158e-05 0  
15 430557  2.8 -4.05 0  6.8 0 0   5.310840561345174e-05 -1.372407417881468e-05 0   -3.433820279650363e-05 -5.492317947622567e-05 0  
15 424768  2.88 -4.05 0  6.88 0 0   5.547610272106651e-05 -1.1929396549047e-05 0   -3.587869110592123e-05 -5.862605229417853e-05 0  
15 443351  2.96 -4.05 0  6.96 0 0   5.702705642989794e-05 -9.125469447551597e-06 0   -3.565260219399145e-05 -6.214451709534927e-05 0  
15 422797  3.04 -4.05 0  7.04 0 0   6.071495949514882e-05 -8.245647319844035e-06 0   -3.808696867416009e-05 -6.394406335554718e-05 0  
15 430622  3.12 -4.05 0  7.12 0 0   6.209747010280531e-05 -5.575588709256542e-06 0   -3.801593526516715e-05 -6.883568289596347e-05 0  
15 403280  3.2 -4.05 0  7.2 0 0   6.485384218807202e-05 -4.007720244965547e-06 0   -3.948725117120964e-05 -7.118739502221406e-05 0  
15 432463  3.28 -4.05 0  7.28 0 0   6.807536782020649e-05 1.342943249703701e-06 0   -3.934377963577072e-05 -7.982654071849848e-05 0  
15 447982  3.36 -4.05 0  7.36 0 0   6.795759311142196e-05 3.283284465571516e-06 0   -3.66287534424763e-05 -8.268134341023713e-05 0  
15 429988  3.44 -4.05 0  7.44 0 0   7.528010155093525e-05 9.526309047784044e-06 0   -4.17645305859516e-05 -9.246532979252046e-05 0  
15 428454  3.52 -4.05 0  7.52 0 0   7.378264066730598e-05 1.388701287378686e-05 0   -3.706066171792395e-05 -9.856073862296415e-05 0  
15 430127  3.6 -4.05 0  7.6 0 0   7.751333893266446e-05 1.744582763869244e-05 0   -3.551803556340119e-05 -0.0001039275921506187 0  
15 422924  3.68 -4.05 0  7.68 0 0   8.144724472858127e-05 2.641699886044187e-05 0   -3.839715011643395e-05 -0.0001201209905560639 0  
15 433129  3.76 -4.05 0  7.76 0 0   8.22221136891569e-05 3.824838187172289e-05 0   -3.069197937004796e-05 -0.000138759809589736 0  
15 406318  3.84 -4.05 0  7.84 0 0   9.015613964312354e-05 5.014168239682922e-05 0   -3.194342174039216e-05 -0.0001677753173592537 0  
15 447263  3.92 -4.05 0  7.92 0 0   8.512549709684732e-05 6.455826196370522e-05 0   -6.269720787786814e-07 -0.0001901443956015209 0  
15 404828  4 -4.05 0  8 0 0   7.07035392693775e-05 9.899339133223259e-05 0   9.865522171687013e-05 -0.0002082496844835954 0  
