15 217059  -1 -4.05 0  0 0 0   6.575342453149502e-05 7.331421020445594e-05 0   -2.080214840208261e-05 -0.0001301626975031278 0  
15 197526  -0.98 -4.05 0  0.02 0 0   3.705807572519648e-05 8.167694973791259e-05 0   -7.60700193019187e-06 -0.0001328691618835212 0  
15 214298  -0.96 -4.05 0  0.04 0 0   1.951367103342899e-05 7.53210236153698e-05 0   6.13189507397624e-07 -0.0001293382157897711 0  
15 230511  -0.9399999999999999 -4.05 0  0.06 0 0   8.26898625434086e-06 6.714588760963619e-05 0   5.94211686171485e-06 -0.0001250945908251623 0  
15 239902  -0.92 -4.05 0  0.08 0 0   2.735505201210964e-07 5.653152434145076e-05 0   9.888129001222462e-06 -0.0001195918160670599 0  
15 247437  -0.9 -4.05 0  0.1 0 0   -5.697403679068291e-06 4.886434113287458e-05 0   1.30658367309619e-05 -0.0001155567603283447 0  
15 260946  -0.88 -4.05 0  0.12 0 0   -5.937917767383921e-06 4.231298608891459e-05 0   1.325486956960976e-05 -0.000112054709584461 0  
15 257133  -0.86 -4.05 0  0.14 0 0   -1.124855563139349e-05 3.614787790662786e-05 0   1.632365725923873e-05 -0.0001086655175824482 0  
15 218281  -0.84 -4.05 0  0.16 0 0   -1.028949071715049e-05 3.064155378305206e-05 0   1.602954616490949e-05 -0.0001055828925193084 0  
15 217376  -0.8200000000000001 -4.05 0  0.18 0 0   -1.184093334839417e-05 2.527802063235184e-05 0   1.710344736395066e-05 -0.0001024787410004672 0  
15 209861  -0.8 -4.05 0  0.2 0 0   -1.116020178919307e-05 2.03083058683759e-05 0   1.698025708789437e-05 -9.950443615778723e-05 0  
15 226498  -0.78 -4.05 0  0.22 0 0   -1.248343914872843e-05 1.671894399777945e-05 0   1.795956401787722e-05 -9.738108692725739e-05 0  
15 176927  -0.76 -4.05 0  0.24 0 0   -1.054450466198703e-05 1.2673919969515e-05 0   1.704326794796894e-05 -9.494858917559294e-05 0  
15 254821  -0.74 -4.05 0  0.26 0 0   -1.062240606815312e-05 1.036576647095964e-05 0   1.728871070833665e-05 -9.336200407143638e-05 0  
15 218510  -0.72 -4.05 0  0.28 0 0   -1.000114631709639e-05 6.629074101868054e-06 0   1.718953003890765e-05 -9.091469574725071e-05 0  
15 199276  -0.7 -4.05 0  0.3 0 0   -9.075166693687381e-06 5.251213932139752e-06 0   1.677511503925429e-05 -8.997783485291747e-05 0  
15 241359  -0.6799999999999999 -4.05 0  0.32 0 0   -8.656707769796879e-06 2.465544694987137e-06 0   1.677376518936444e-05 -8.8186984978182e-05 0  
15 234528  -0.6599999999999999 -4.05 0  0.34 0 0   -7.554443249201126e-06 -4.098242201294733e-07 0   1.62127475261762e-05 -8.63144969840187e-05 0  
15 193753  -0.64 -4.05 0  0.36 0 0   -6.19983529621948e-06 -2.185142459393274e-06 0   1.567728044827264e-05 -8.496022065508473e-05 0  
15 200635  -0.62 -4.05 0  0.38 0 0   -5.842442921162247e-06 -3.394188186747749e-06 0   1.544471242782711e-05 -8.417345129158905e-05 0  
15 187724  -0.6 -4.05 0  0.4 0 0   -5.68674681226608e-06 -5.012608651534106e-06 0   1.557524857465336e-05 -8.290799058114674e-05 0  
15 241879  -0.5800000000000001 -4.05 0  0.42 0 0   -4.088077374592158e-06 -6.600867706048341e-06 0   1.477852624702687e-05 -8.176128067105201e-05 0  
15 196046  -0.5600000000000001 -4.05 0  0.44 0 0   -3.593970186340639e-06 -7.483668802178104e-06 0   1.454670718508203e-05 -8.10643239008901e-05 0  
15 238813  -0.54 -4.05 0  0.46 0 0   -3.188063647449613e-06 -9.437973827262913e-06 0   1.438618284144155e-05 -7.970983245014513e-05 0  
15 235641  -0.52 -4.05 0  0.48 0 0   -1.938263223554004e-06 -1.036681865278222e-05 0   1.374039957008268e-05 -7.890935904741186e-05 0  
15 177868  -0.5 -4.05 0  0.5 0 0   -1.510695101847315e-06 -1.16048053965985e-05 0   1.363684766681264e-05 -7.802761734523617e-05 0  
15 208434  -0.48 -4.05 0  0.52 0 0   -8.475079548118936e-07 -1.248750601436088e-05 0   1.336509198884926e-05 -7.738030144620149e-05 0  
15 199772  -0.46 -4.05 0  0.54 0 0   4.111816874034779e-07 -1.347774954086473e-05 0   1.261118438338101e-05 -7.655818776229444e-05 0  
15 219149  -0.4399999999999999 -4.05 0  0.5600000000000001 0 0   9.138404547456846e-07 -1.425190056331821e-05 0   1.23814953178706e-05 -7.598654471700599e-05 0  
15 219844  -0.42 -4.05 0  0.58 0 0   2.32364829817755e-06 -1.543006835429128e-05 0   1.166074076922909e-05 -7.511416489729313e-05 0  
15 192026  -0.4 -4.05 0  0.6 0 0   3.147825795929687e-06 -1.638038299624223e-05 0   1.11350628909661e-05 -7.437282219146732e-05 0  
15 181754  -0.38 -4.05 0  0.62 0 0   3.246198070912254e-06 -1.685229719737558e-05 0   1.118347838529286e-05 -7.402580794096947e-05 0  
15 247155  -0.36 -4.05 0  0.64 0 0   5.062988252063638e-06 -1.786417077521626e-05 0   1.010750816248136e-05 -7.32644358055097e-05 0  
15 224816  -0.34 -4.05 0  0.66 0 0   5.560322330608325e-06 -1.839776406965463e-05 0   9.83352071465271e-06 -7.284154745315716e-05 0  
15 175832  -0.32 -4.05 0  0.68 0 0   6.481470567469561e-06 -1.887097530496248e-05 0   9.32242998737641e-06 -7.247144134247836e-05 0  
15 251597  -0.3 -4.05 0  0.7 0 0   7.059419746817397e-06 -1.909115788451335e-05 0   9.040977793722815e-06 -7.22330591684619e-05 0  
15 223473  -0.28 -4.05 0  0.72 0 0   8.239270898993505e-06 -1.997071393549169e-05 0   8.366734190902187e-06 -7.163901175183396e-05 0  
15 228062  -0.26 -4.05 0  0.74 0 0   8.383825728132399e-06 -2.038819972704359e-05 0   8.341566605290715e-06 -7.135310514248469e-05 0  
15 189281  -0.24 -4.05 0  0.76 0 0   9.55000584385024e-06 -2.095805296574438e-05 0   7.659585378643266e-06 -7.09370420476016e-05 0  
15 255128  -0.22 -4.05 0  0.78 0 0   1.00801568274772e-05 -2.132938069003207e-05 0   7.365461505816698e-06 -7.064300305325948e-05 0  
15 231831  -0.2 -4.05 0  0.8 0 0   1.07535995198596e-05 -2.154284437257646e-05 0   6.97839001958557e-06 -7.049542576198237e-05 0  
15 223685  -0.18 -4.05 0  0.82 0 0   1.170219870025128e-05 -2.212527260736508e-05 0   6.434569036841559e-06 -7.011028862472478e-05 0  
15 192624  -0.16 -4.05 0  0.84 0 0   1.247336813968436e-05 -2.248386336986888e-05 0   5.985916890346651e-06 -6.988250382939732e-05 0  
15 217554  -0.14 -4.05 0  0.86 0 0   1.289709235077638e-05 -2.27909231500685e-05 0   5.745161543640762e-06 -6.970097993081598e-05 0  
15 252777  -0.12 -4.05 0  0.88 0 0   1.38238336599199e-05 -2.317427862898527e-05 0   5.212343771505108e-06 -6.948467322637729e-05 0  
15 237635  -0.09999999999999998 -4.05 0  0.9 0 0   1.47026177066481e-05 -2.358453989286836e-05 0   4.705617402107551e-06 -6.927032580158251e-05 0  
15 211044  -0.07999999999999996 -4.05 0  0.92 0 0   1.562124404531906e-05 -2.366920201047479e-05 0   4.168384481577359e-06 -6.92380032759443e-05 0  
15 178645  -0.06000000000000005 -4.05 0  0.9399999999999999 0 0   1.617133689838478e-05 -2.377960546813551e-05 0   3.852056738569941e-06 -6.920937428130276e-05 0  
15 249488  -0.04000000000000004 -4.05 0  0.96 0 0   1.697356861257021e-05 -2.401341700221729e-05 0   3.418610386168516e-06 -6.914940453274163e-05 0  
15 241994  -0.02000000000000002 -4.05 0  0.98 0 0   1.777355930236268e-05 -2.406731042747801e-05 0   2.953583030903921e-06 -6.914162213440822e-05 0  
15 238899  0 -4.05 0  1 0 0   1.881508552139741e-05 -2.450098664005286e-05 0   2.36335101164685e-06 -6.899306288573204e-05 0  
15 182256  0.02000000000000002 -4.05 0  1.02 0 0   1.931747351471141e-05 -2.431722548193807e-05 0   2.103018893866333e-06 -6.915433944814937e-05 0  
15 176982  0.04000000000000004 -4.05 0  1.04 0 0   1.995107499667276e-05 -2.521510113213596e-05 0   1.698314097455574e-06 -6.878208333867784e-05 0  
15 241583  0.06000000000000005 -4.05 0  1.06 0 0   2.071421185495742e-05 -2.48608262125305e-05 0   1.304256508092476e-06 -6.905032563096596e-05 0  
15 180077  0.08000000000000007 -4.05 0  1.08 0 0   2.133656470399217e-05 -2.500513936017426e-05 0   8.783574077797507e-07 -6.915140156434942e-05 0  
15 224566  0.1000000000000001 -4.05 0  1.1 0 0   2.196728951018787e-05 -2.510604907277059e-05 0   5.237441269398575e-07 -6.921959252545028e-05 0  
15 208937  0.1200000000000001 -4.05 0  1.12 0 0   2.266913622857303e-05 -2.521280670675363e-05 0   1.922312458197892e-07 -6.93600472314827e-05 0  
15 200405  0.1399999999999999 -4.05 0  1.14 0 0   2.355535849121043e-05 -2.520570570612238e-05 0   -3.247629267568233e-07 -6.946757552662823e-05 0  
15 236887  0.1599999999999999 -4.05 0  1.16 0 0   2.4388426766009e-05 -2.5516817959155e-05 0   -7.898298765475356e-07 -6.947830725088054e-05 0  
15 262836  0.1799999999999999 -4.05 0  1.18 0 0   2.520649243620277e-05 -2.556062985002543e-05 0   -1.178889399554989e-06 -6.968808294177458e-05 0  
15 208259  0.2 -4.05 0  1.2 0 0   2.592641047479208e-05 -2.541354508551336e-05 0   -1.626772428128635e-06 -6.999678517768081e-05 0  
15 200722  0.22 -4.05 0  1.22 0 0   2.650796163308072e-05 -2.52610637268523e-05 0   -1.891336703885218e-06 -7.027147007269453e-05 0  
15 210332  0.24 -4.05 0  1.24 0 0   2.716208384839942e-05 -2.549229952977794e-05 0   -2.147195546456718e-06 -7.054629038897101e-05 0  
15 253143  0.26 -4.05 0  1.26 0 0   2.795461938437035e-05 -2.54874471676686e-05 0   -2.552809459666246e-06 -7.066839828040114e-05 0  
15 195565  0.28 -4.05 0  1.28 0 0   2.870241385029282e-05 -2.518068681394217e-05 0   -2.955126342055539e-06 -7.11136093737325e-05 0  
15 249356  0.3 -4.05 0  1.3 0 0   2.924018931708267e-05 -2.55294573282619e-05 0   -3.350096123370602e-06 -7.140048692408276e-05 0  
15 251052  0.3200000000000001 -4.05 0  1.32 0 0   3.006749000827869e-05 -2.553391691144033e-05 0   -3.7956486967387e-06 -7.156024148385117e-05 0  
15 247947  0.3400000000000001 -4.05 0  1.34 0 0   3.06610836768265e-05 -2.530755954768815e-05 0   -3.95025878207971e-06 -7.219023987506748e-05 0  
15 247391  0.3600000000000001 -4.05 0  1.36 0 0   3.151286150334179e-05 -2.528259541951551e-05 0   -4.423424949620558e-06 -7.236966035601583e-05 0  
15 252059  0.3799999999999999 -4.05 0  1.38 0 0   3.238800010141318e-05 -2.541226125623436e-05 0   -4.759367031932638e-06 -7.27514980497293e-05 0  
15 187375  0.3999999999999999 -4.05 0  1.4 0 0   3.25614979394713e-05 -2.528533179277023e-05 0   -4.653284026041263e-06 -7.308241004965257e-05 0  
15 244086  0.4199999999999999 -4.05 0  1.42 0 0   3.38242538531798e-05 -2.531572483211592e-05 0   -5.411029256228821e-06 -7.369655041429297e-05 0  
15 197696  0.4399999999999999 -4.05 0  1.44 0 0   3.430715905233654e-05 -2.489664993376994e-05 0   -5.558156256516207e-06 -7.457712537267853e-05 0  
15 228845  0.46 -4.05 0  1.46 0 0   3.519672839357585e-05 -2.528589654721223e-05 0   -5.921916862073988e-06 -7.484948087930023e-05 0  
15 222254  0.48 -4.05 0  1.48 0 0   3.58173217333297e-05 -2.494423440564664e-05 0   -6.34193673742481e-06 -7.559540193388063e-05 0  
15 258023  0.5 -4.05 0  1.5 0 0   3.638514403039861e-05 -2.495688163362333e-05 0   -6.688264869549824e-06 -7.59067466018816e-05 0  
15 219790  0.52 -4.05 0  1.52 0 0   3.737805037089259e-05 -2.493344861309935e-05 0   -6.764567528711775e-06 -7.647331276698774e-05 0  
15 265395  0.54 -4.05 0  1.54 0 0   3.783181078204773e-05 -2.479925332047467e-05 0   -7.076007580563738e-06 -7.734985347342821e-05 0  
15 207328  0.5600000000000001 -4.05 0  1.56 0 0   3.859934106186999e-05 -2.461970333417912e-05 0   -7.223782581276469e-06 -7.817412773417467e-05 0  
15 190591  0.5800000000000001 -4.05 0  1.58 0 0   3.948336049353768e-05 -2.46851815037738e-05 0   -7.473948340223219e-06 -7.84919177841078e-05 0  
15 196419  0.6000000000000001 -4.05 0  1.6 0 0   4.001245428715289e-05 -2.472513791518249e-05 0   -7.856275278590383e-06 -7.96008526119385e-05 0  
15 188972  0.6200000000000001 -4.05 0  1.62 0 0   4.090485794362546e-05 -2.473426082323996e-05 0   -8.397564735472627e-06 -8.017436403443511e-05 0  
15 187188  0.6399999999999999 -4.05 0  1.64 0 0   4.176534997116926e-05 -2.470054500753466e-05 0   -7.966724494902966e-06 -8.160751721107348e-05 0  
15 259563  0.6599999999999999 -4.05 0  1.66 0 0   4.22097058351209e-05 -2.474037511814367e-05 0   -8.552154460675365e-06 -8.205153216772013e-05 0  
15 261788  0.6799999999999999 -4.05 0  1.68 0 0   4.335938783773738e-05 -2.47275331424629e-05 0   -8.772473772069526e-06 -8.314219267840147e-05 0  
15 203552  0.7 -4.05 0  1.7 0 0   4.39722193810773e-05 -2.492579988867122e-05 0   -8.567113603090057e-06 -8.434288289951852e-05 0  
15 225550  0.72 -4.05 0  1.72 0 0   4.508223390722529e-05 -2.513916023272333e-05 0   -8.513414759165521e-06 -8.578678269855183e-05 0  
15 214832  0.74 -4.05 0  1.74 0 0   4.616215151613534e-05 -2.569477270248852e-05 0   -8.751465849545989e-06 -8.681895606556863e-05 0  
15 218645  0.76 -4.05 0  1.76 0 0   4.704952356938616e-05 -2.54521224883255e-05 0   -9.090156569053522e-06 -8.820642548849238e-05 0  
15 255048  0.78 -4.05 0  1.78 0 0   4.803310185506893e-05 -2.562878100351162e-05 0   -8.873458204917539e-06 -8.908134749268087e-05 0  
15 241644  0.8 -4.05 0  1.8 0 0   4.920657574788989e-05 -2.659669475510787e-05 0   -9.076848492259749e-06 -9.06902034123018e-05 0  
15 179527  0.8200000000000001 -4.05 0  1.82 0 0   5.087858259947634e-05 -2.769197071946471e-05 0   -8.455706185633936e-06 -9.26173833699956e-05 0  
15 237365  0.8400000000000001 -4.05 0  1.84 0 0   5.180140401014714e-05 -2.861642652907809e-05 0   -8.677061328392572e-06 -9.511611139380056e-05 0  
15 242108  0.8600000000000001 -4.05 0  1.86 0 0   5.32950152030854e-05 -2.934488916699063e-05 0   -8.636063617633531e-06 -9.624166191232308e-05 0  
15 225790  0.8799999999999999 -4.05 0  1.88 0 0   5.577605044798303e-05 -3.113104844670173e-05 0   -7.5077425386442e-06 -9.941688852952574e-05 0  
15 188266  0.8999999999999999 -4.05 0  1.9 0 0   5.755899864287942e-05 -3.386195761804437e-05 0   -7.279897859148801e-06 -0.0001020189052714823 0  
15 259548  0.9199999999999999 -4.05 0  1.92 0 0   6.389223511218955e-05 -3.610496383968376e-05 0   -4.094192997889864e-06 -0.0001049047965910239 0  
15 251387  0.9399999999999999 -4.05 0  1.94 0 0   7.050395595063763e-05 -3.761459270146261e-05 0   -1.713878923807408e-06 -0.0001071169763922335 0  
15 237118  0.96 -4.05 0  1.96 0 0   7.937557150534263e-05 -3.80783647145333e-05 0   1.126239651686031e-06 -0.0001104827435576671 0  
15 237519  0.98 -4.05 0  1.98 0 0   9.274999511293264e-05 -3.53074250964841e-05 0   6.985596604038892e-06 -0.000112080440659643 0  
15 215841  1 -4.05 0  2 0 0   0.000106224357343726 -2.625710021258998e-05 0   1.310311196101553e-05 -0.0001129697732079344 0  
