15 322607  -3 -4.05 0  0 0 0   3.625717330090557e-05 5.074977089629233e-05 0   -0.0001450336141134989 -0.0002344958166467515 0  
15 287416  -2.94 -4.05 0  0.06 0 0   -5.058841063776301e-06 4.80952176508212e-05 0   -2.950102457842385e-05 -0.0002460920466227437 0  
15 272570  -2.88 -4.05 0  0.12 0 0   -1.022331382725977e-05 2.480217096739368e-05 0   -1.143823164000482e-05 -0.0001883790053209822 0  
15 318219  -2.82 -4.05 0  0.18 0 0   -1.444567510948901e-05 1.980463986485945e-05 0   2.107121244793067e-06 -0.0001777512862717184 0  
15 284972  -2.76 -4.05 0  0.24 0 0   -1.455967258741586e-05 1.310871638476635e-05 0   9.57277732534581e-06 -0.0001611574217790183 0  
15 299031  -2.7 -4.05 0  0.3 0 0   -1.580852246625813e-05 6.018690040151425e-06 0   1.53310540307091e-05 -0.0001430983341441094 0  
15 274055  -2.64 -4.05 0  0.36 0 0   -1.489314464314727e-05 2.017034205702335e-06 0   1.72361615656014e-05 -0.0001318489714056299 0  
15 295066  -2.58 -4.05 0  0.42 0 0   -1.383771169349238e-05 1.336494547095552e-07 0   1.899687277910622e-05 -0.0001267253277987927 0  
15 312327  -2.52 -4.05 0  0.48 0 0   -1.351677397548131e-05 -3.711436396672534e-06 0   2.022002641354124e-05 -0.0001171602141477185 0  
15 264667  -2.46 -4.05 0  0.54 0 0   -1.197365985390874e-05 -5.093255999944672e-06 0   1.955892340258988e-05 -0.0001133100533651198 0  
15 315777  -2.4 -4.05 0  0.6000000000000001 0 0   -1.172733554801033e-05 -6.635382707251096e-06 0   2.02709584321871e-05 -0.0001083755659034812 0  
15 318730  -2.34 -4.05 0  0.66 0 0   -1.063733013337314e-05 -8.374680477236474e-06 0   2.091136491987229e-05 -0.0001033294660912135 0  
15 282630  -2.28 -4.05 0  0.72 0 0   -1.035378959439158e-05 -9.832221818899766e-06 0   2.305164665071177e-05 -9.829611396060256e-05 0  
15 294002  -2.22 -4.05 0  0.78 0 0   -9.23132664825099e-06 -1.036159970065938e-05 0   2.195943671879502e-05 -9.53169748725731e-05 0  
15 282365  -2.16 -4.05 0  0.8400000000000001 0 0   -7.958286427305018e-06 -1.085437701358889e-05 0   2.06212600262802e-05 -9.400820707426705e-05 0  
15 309036  -2.1 -4.05 0  0.8999999999999999 0 0   -7.679196225161498e-06 -1.217270832424601e-05 0   2.162596049304453e-05 -8.964032967823457e-05 0  
15 304572  -2.04 -4.05 0  0.96 0 0   -6.712352092683161e-06 -1.260986779392801e-05 0   2.136235643174222e-05 -8.803114121298458e-05 0  
15 303812  -1.98 -4.05 0  1.02 0 0   -5.927473211249815e-06 -1.312643212640673e-05 0   2.089817900895755e-05 -8.425844096611457e-05 0  
15 301018  -1.92 -4.05 0  1.08 0 0   -5.207956867953178e-06 -1.388520710544666e-05 0   2.093254186483727e-05 -8.23607698468877e-05 0  
15 287084  -1.86 -4.05 0  1.14 0 0   -4.552748059638166e-06 -1.420727707130461e-05 0   2.057039026059394e-05 -8.063272827604773e-05 0  
15 290393  -1.8 -4.05 0  1.2 0 0   -4.01316098985126e-06 -1.474628810193792e-05 0   2.131990888881328e-05 -7.784186214176633e-05 0  
15 296311  -1.74 -4.05 0  1.26 0 0   -3.069736461867016e-06 -1.490229276433175e-05 0   2.057880050346933e-05 -7.68586263911672e-05 0  
15 275601  -1.68 -4.05 0  1.32 0 0   -2.598445310940552e-06 -1.506708888776288e-05 0   2.013685550569452e-05 -7.443794517616661e-05 0  
15 300354  -1.62 -4.05 0  1.38 0 0   -2.334456575591592e-06 -1.528751730907901e-05 0   2.084252589102872e-05 -7.347509705486407e-05 0  
15 289665  -1.56 -4.05 0  1.44 0 0   -1.487674597213392e-06 -1.575852141597162e-05 0   2.033214002376653e-05 -7.14633338126415e-05 0  
15 275025  -1.5 -4.05 0  1.5 0 0   -8.777581784091118e-07 -1.581265232510411e-05 0   1.978737420960108e-05 -7.069215775750218e-05 0  
15 283594  -1.44 -4.05 0  1.56 0 0   -3.993795202962305e-07 -1.608830831561374e-05 0   2.017234649914442e-05 -6.861766637851832e-05 0  
15 291152  -1.38 -4.05 0  1.62 0 0   4.241925235167564e-07 -1.615172906248636e-05 0   1.965131940917519e-05 -6.788609004187984e-05 0  
15 279101  -1.32 -4.05 0  1.68 0 0   7.302581812718309e-07 -1.595910019134302e-05 0   1.945844498551716e-05 -6.710594834919217e-05 0  
15 296188  -1.26 -4.05 0  1.74 0 0   1.303910168692251e-06 -1.621830128991879e-05 0   1.898011279738779e-05 -6.593389581473902e-05 0  
15 279359  -1.2 -4.05 0  1.8 0 0   1.620517532162898e-06 -1.637030559422421e-05 0   1.917616323627441e-05 -6.428071227329579e-05 0  
15 271261  -1.14 -4.05 0  1.86 0 0   2.2537658265925e-06 -1.642315632157813e-05 0   1.85288802009697e-05 -6.361761572721419e-05 0  
15 309241  -1.08 -4.05 0  1.92 0 0   2.689607070260732e-06 -1.654099448333904e-05 0   1.87380186516138e-05 -6.208040198896897e-05 0  
15 309368  -1.02 -4.05 0  1.98 0 0   3.255068481491767e-06 -1.656775075101095e-05 0   1.831402703748181e-05 -6.163896182953543e-05 0  
15 311909  -0.96 -4.05 0  2.04 0 0   3.761312823400938e-06 -1.653167474914621e-05 0   1.810817123650346e-05 -6.075938273728508e-05 0  
15 266184  -0.9000000000000004 -4.05 0  2.1 0 0   4.097571983266711e-06 -1.648575792514786e-05 0   1.777652997434279e-05 -6.018298376522097e-05 0  
15 284550  -0.8399999999999999 -4.05 0  2.16 0 0   4.554899065928081e-06 -1.650083567794128e-05 0   1.74576689797052e-05 -5.88985783108488e-05 0  
15 264674  -0.7800000000000002 -4.05 0  2.22 0 0   4.931217626195369e-06 -1.644221284467388e-05 0   1.718777631450931e-05 -5.861281840222055e-05 0  
15 265670  -0.7199999999999998 -4.05 0  2.28 0 0   5.341533454680252e-06 -1.649618832943466e-05 0   1.738646056379488e-05 -5.742002485164752e-05 0  
15 282689  -0.6600000000000001 -4.05 0  2.34 0 0   5.785644822590776e-06 -1.650992442851643e-05 0   1.683827473567337e-05 -5.700510226954933e-05 0  
15 311120  -0.5999999999999996 -4.05 0  2.4 0 0   6.192079565064685e-06 -1.636590066123327e-05 0   1.688796929595789e-05 -5.618995246988584e-05 0  
15 299805  -0.54 -4.05 0  2.46 0 0   6.657447391363351e-06 -1.635979551872465e-05 0   1.64539465134575e-05 -5.593120719341038e-05 0  
15 263799  -0.48 -4.05 0  2.52 0 0   7.077195262188619e-06 -1.636742634674772e-05 0   1.633998983252899e-05 -5.531554512229475e-05 0  
15 282968  -0.4199999999999999 -4.05 0  2.58 0 0   7.438304823285935e-06 -1.63205164080963e-05 0   1.584933991538931e-05 -5.462989225031925e-05 0  
15 262885  -0.3599999999999999 -4.05 0  2.64 0 0   7.92278544515615e-06 -1.612526076459945e-05 0   1.533645063633675e-05 -5.400567190728782e-05 0  
15 286816  -0.2999999999999998 -4.05 0  2.7 0 0   8.368929694933152e-06 -1.608069115313323e-05 0   1.527617471660386e-05 -5.362578341343294e-05 0  
15 276090  -0.2399999999999998 -4.05 0  2.76 0 0   8.548817513454217e-06 -1.590557355477109e-05 0   1.524202534248023e-05 -5.323973610968369e-05 0  
15 272788  -0.1800000000000002 -4.05 0  2.82 0 0   8.985113225874189e-06 -1.59116680516849e-05 0   1.468872426784937e-05 -5.294087943388814e-05 0  
15 286365  -0.1200000000000001 -4.05 0  2.88 0 0   9.258966437406609e-06 -1.592299653178735e-05 0   1.459420630957071e-05 -5.22734924594502e-05 0  
15 275118  -0.06000000000000005 -4.05 0  2.94 0 0   9.576876768126327e-06 -1.584826512276749e-05 0   1.426299147797364e-05 -5.205402837955495e-05 0  
15 313149  0 -4.05 0  3 0 0   1.005397245670923e-05 -1.55629534015489e-05 0   1.389709219086141e-05 -5.191165113738183e-05 0  
15 288081  0.06000000000000005 -4.05 0  3.06 0 0   1.041495967152214e-05 -1.557166556524244e-05 0   1.359822558151189e-05 -5.130063712185939e-05 0  
15 305324  0.1200000000000001 -4.05 0  3.12 0 0   1.076461142880626e-05 -1.549791832783148e-05 0   1.331150111921753e-05 -5.11775850896394e-05 0  
15 306887  0.1800000000000002 -4.05 0  3.18 0 0   1.103946091561729e-05 -1.530451448991622e-05 0   1.31759019380475e-05 -5.087269650885448e-05 0  
15 273676  0.2400000000000002 -4.05 0  3.24 0 0   1.144453511287707e-05 -1.508866486806578e-05 0   1.274330490876269e-05 -5.068257242798677e-05 0  
15 275351  0.3000000000000003 -4.05 0  3.3 0 0   1.193147854586772e-05 -1.502389310578988e-05 0   1.24353250844228e-05 -5.055380832817919e-05 0  
15 310734  0.3600000000000003 -4.05 0  3.36 0 0   1.220083325394455e-05 -1.490790328153419e-05 0   1.218188267822912e-05 -5.043825006981542e-05 0  
15 294858  0.4199999999999999 -4.05 0  3.42 0 0   1.265539507948788e-05 -1.481823017281118e-05 0   1.181921361328303e-05 -5.024824496111966e-05 0  
15 315308  0.4799999999999995 -4.05 0  3.48 0 0   1.286862086225199e-05 -1.471338685346459e-05 0   1.153325640227548e-05 -5.005106486880018e-05 0  
15 284111  0.54 -4.05 0  3.54 0 0   1.331984777751293e-05 -1.463345692761852e-05 0   1.119618813593543e-05 -5.006013991811463e-05 0  
15 285110  0.5999999999999996 -4.05 0  3.6 0 0   1.373863357589759e-05 -1.451297234532497e-05 0   1.075395235266598e-05 -4.99343425300388e-05 0  
15 314292  0.6600000000000001 -4.05 0  3.66 0 0   1.404655051144403e-05 -1.448882759596192e-05 0   1.052356538805768e-05 -4.986687139248852e-05 0  
15 301197  0.7199999999999998 -4.05 0  3.72 0 0   1.423669097659543e-05 -1.413014744590613e-05 0   1.034106171820745e-05 -5.004030496406041e-05 0  
15 317993  0.7800000000000002 -4.05 0  3.78 0 0   1.461796302514929e-05 -1.413415025138421e-05 0   1.000516289711637e-05 -4.996600482022606e-05 0  
15 281832  0.8399999999999999 -4.05 0  3.84 0 0   1.514567523091441e-05 -1.405555614429529e-05 0   9.538988286768302e-06 -5.000878252062885e-05 0  
15 279925  0.9000000000000004 -4.05 0  3.9 0 0   1.548191818177038e-05 -1.385301400553261e-05 0   9.2392654606685e-06 -5.016654923403405e-05 0  
15 286452  0.96 -4.05 0  3.96 0 0   1.571714605147576e-05 -1.360371022767376e-05 0   9.037988031805611e-06 -5.04104809345967e-05 0  
15 289978  1.02 -4.05 0  4.02 0 0   1.600010536759523e-05 -1.3619943007199e-05 0   8.773031487312546e-06 -5.043222849144754e-05 0  
15 269921  1.08 -4.05 0  4.08 0 0   1.641052144742182e-05 -1.352272256555456e-05 0   8.449346393834406e-06 -5.057949937348205e-05 0  
15 304141  1.14 -4.05 0  4.14 0 0   1.692359395378276e-05 -1.341738127141391e-05 0   7.969053255267415e-06 -5.082790947892254e-05 0  
15 315525  1.199999999999999 -4.05 0  4.199999999999999 0 0   1.740577787261968e-05 -1.317893425562444e-05 0   7.588161211023042e-06 -5.117872908306023e-05 0  
15 322772  1.26 -4.05 0  4.26 0 0   1.777662830542012e-05 -1.289328362423666e-05 0   7.210742889960167e-06 -5.164722936458824e-05 0  
15 295078  1.32 -4.05 0  4.32 0 0   1.817499012468486e-05 -1.293072809994642e-05 0   6.945596610123672e-06 -5.188862106215823e-05 0  
15 281213  1.38 -4.05 0  4.38 0 0   1.840606901901674e-05 -1.275567848919553e-05 0   6.7642907372557e-06 -5.229539327563856e-05 0  
15 280380  1.44 -4.05 0  4.44 0 0   1.888891125946513e-05 -1.263467811569953e-05 0   6.449510695278118e-06 -5.264863097720687e-05 0  
15 283215  1.5 -4.05 0  4.5 0 0   1.937182633516199e-05 -1.245494479899648e-05 0   5.912086933676682e-06 -5.340252087503855e-05 0  
15 300849  1.56 -4.05 0  4.56 0 0   1.995439874728148e-05 -1.235110444680544e-05 0   5.490087918016973e-06 -5.373041245889006e-05 0  
15 288136  1.62 -4.05 0  4.62 0 0   2.023892363695046e-05 -1.178023398340333e-05 0   5.396781807907869e-06 -5.480875927369789e-05 0  
15 265059  1.68 -4.05 0  4.68 0 0   2.051999661184029e-05 -1.183498644062152e-05 0   5.145990241015724e-06 -5.534735007284644e-05 0  
15 273525  1.74 -4.05 0  4.74 0 0   2.110505870795418e-05 -1.165128949498387e-05 0   4.815611803737907e-06 -5.626337058759791e-05 0  
15 292478  1.800000000000001 -4.05 0  4.800000000000001 0 0   2.142851243990099e-05 -1.165262353718935e-05 0   4.349555709252766e-06 -5.673268762404482e-05 0  
15 261074  1.86 -4.05 0  4.86 0 0   2.194047647251728e-05 -1.145440238311548e-05 0   4.132770813026695e-06 -5.775603155489667e-05 0  
15 275777  1.92 -4.05 0  4.92 0 0   2.256748372176813e-05 -1.148835006060489e-05 0   3.790148789488586e-06 -5.858695916415718e-05 0  
15 284862  1.98 -4.05 0  4.98 0 0   2.32247624506667e-05 -1.129337315118476e-05 0   3.630796669665259e-06 -5.964087047938965e-05 0  
15 295383  2.04 -4.05 0  5.04 0 0   2.365049530904617e-05 -1.111543789180302e-05 0   2.976071989864611e-06 -6.123147657383088e-05 0  
15 301375  2.1 -4.05 0  5.1 0 0   2.438220300423352e-05 -1.101504501099955e-05 0   2.288094896458343e-06 -6.190580668310325e-05 0  
15 261852  2.16 -4.05 0  5.16 0 0   2.500463938716183e-05 -1.086919497088676e-05 0   2.666989851421442e-06 -6.336016236525507e-05 0  
15 305636  2.22 -4.05 0  5.22 0 0   2.559516204243958e-05 -1.104357230607869e-05 0   2.072128414071575e-06 -6.598314699212543e-05 0  
15 312171  2.28 -4.05 0  5.28 0 0   2.603911078172087e-05 -1.084026478965897e-05 0   2.02734568652968e-06 -6.750870357385627e-05 0  
15 267009  2.34 -4.05 0  5.34 0 0   2.708460593225394e-05 -1.084402524130685e-05 0   1.911195594471449e-06 -6.864882752464184e-05 0  
15 269677  2.4 -4.05 0  5.4 0 0   2.779799960676984e-05 -1.114317538535535e-05 0   4.880400398220297e-08 -7.308393719568547e-05 0  
15 305378  2.46 -4.05 0  5.46 0 0   2.886840021964175e-05 -1.133699135591514e-05 0   1.153996643132871e-06 -7.458856013654695e-05 0  
15 304328  2.52 -4.05 0  5.52 0 0   2.95647685792013e-05 -1.149294125967122e-05 0   2.068980804329282e-06 -7.878058857520992e-05 0  
15 300699  2.58 -4.05 0  5.58 0 0   3.061453755056091e-05 -1.179225781749419e-05 0   2.857523488695307e-06 -8.014583350775002e-05 0  
15 285482  2.64 -4.05 0  5.64 0 0   3.214475974250503e-05 -1.294949681245289e-05 0   2.85005431211946e-06 -8.553130735329886e-05 0  
15 276939  2.699999999999999 -4.05 0  5.699999999999999 0 0   3.305337929385686e-05 -1.41265897902719e-05 0   3.437659223570061e-06 -9.007110969696218e-05 0  
15 290916  2.76 -4.05 0  5.76 0 0   3.493017243226018e-05 -1.794188276558659e-05 0   2.328788225020202e-06 -0.0001012375976307683 0  
15 279567  2.82 -4.05 0  5.82 0 0   3.940064361118798e-05 -2.039453260770595e-05 0   7.271970309301323e-06 -0.0001070844669079224 0  
15 305508  2.88 -4.05 0  5.88 0 0   4.41163359464205e-05 -2.376424959229313e-05 0   9.663446231350514e-06 -0.0001167260013918217 0  
15 269471  2.94 -4.05 0  5.94 0 0   6.146614322472617e-05 -3.493592968899554e-05 0   2.690457160226672e-05 -0.0001356003134676195 0  
15 272522  3 -4.05 0  6 0 0   0.0001154995429864941 -1.587289161476997e-05 0   8.236982007941984e-05 -0.0001398452857066385 0  
