15 404830  -4 -4.05 0  0 0 0   -7.241407319207027e-05 -5.138282328639998e-05 0   -2.416364574799046e-05 -0.0002967947161879869 0  
15 447268  -3.92 -4.05 0  0.08 0 0   -2.571414627890178e-05 -7.774800144852781e-05 0   9.830412834783975e-05 -0.000226246325947763 0  
15 406317  -3.84 -4.05 0  0.16 0 0   -5.814691959048907e-06 -7.905413665179259e-05 0   0.0001314202851383887 -0.0001786181353024014 0  
15 433128  -3.76 -4.05 0  0.24 0 0   3.653714845459899e-06 -6.547790253647653e-05 0   0.0001123848518446782 -0.000137615247461205 0  
15 422925  -3.68 -4.05 0  0.32 0 0   1.269710445370512e-05 -6.012868379445119e-05 0   0.0001125590182454927 -0.0001040194692825645 0  
15 430128  -3.6 -4.05 0  0.4 0 0   1.360232318748679e-05 -5.189714134423706e-05 0   0.000102983847911245 -8.074490485625654e-05 0  
15 428453  -3.52 -4.05 0  0.48 0 0   1.844975717216549e-05 -4.938758965604244e-05 0   9.469939858146141e-05 -7.22450211325153e-05 0  
15 429989  -3.44 -4.05 0  0.5600000000000001 0 0   2.222017673439609e-05 -4.654664566428393e-05 0   9.801541143101503e-05 -6.22638515248141e-05 0  
15 447983  -3.36 -4.05 0  0.64 0 0   2.194658718296383e-05 -4.083859434194162e-05 0   8.208770021782275e-05 -4.892512355544366e-05 0  
15 432462  -3.28 -4.05 0  0.72 0 0   2.452786822546992e-05 -3.915947938428962e-05 0   8.210047452648277e-05 -4.497786904251143e-05 0  
15 403281  -3.2 -4.05 0  0.8 0 0   2.619643862494456e-05 -3.355210201150607e-05 0   7.529165823978376e-05 -3.484527315927377e-05 0  
15 430623  -3.12 -4.05 0  0.88 0 0   2.591364173433149e-05 -3.203984275540819e-05 0   6.993509776961242e-05 -3.199244887313116e-05 0  
15 422798  -3.04 -4.05 0  0.96 0 0   2.641873910399356e-05 -2.864695201973064e-05 0   6.719527752047441e-05 -2.749494452285346e-05 0  
15 443352  -2.96 -4.05 0  1.04 0 0   2.534188230849874e-05 -2.737620326662311e-05 0   6.056378155909654e-05 -2.608367557733506e-05 0  
15 424769  -2.88 -4.05 0  1.12 0 0   2.582598970642547e-05 -2.513167757875814e-05 0   5.766915559264531e-05 -2.142446672813436e-05 0  
15 430558  -2.8 -4.05 0  1.2 0 0   2.499475835261895e-05 -2.2543446056459e-05 0   5.369439289103391e-05 -1.881508838986329e-05 0  
15 424898  -2.72 -4.05 0  1.28 0 0   2.603708600916466e-05 -2.133728881825378e-05 0   5.254325878860898e-05 -1.759406095408131e-05 0  
15 451519  -2.64 -4.05 0  1.36 0 0   2.557820423793131e-05 -1.874726315656897e-05 0   4.824966101881064e-05 -1.456280974740549e-05 0  
15 414150  -2.56 -4.05 0  1.44 0 0   2.492434319856414e-05 -1.691235717216771e-05 0   4.580040676837715e-05 -1.275730219253007e-05 0  
15 422778  -2.48 -4.05 0  1.52 0 0   2.485383722459003e-05 -1.643366161254572e-05 0   4.383329059843601e-05 -1.234331699096966e-05 0  
15 442248  -2.4 -4.05 0  1.6 0 0   2.43366863276126e-05 -1.41694476850588e-05 0   4.058416299473119e-05 -9.722979267937776e-06 0  
15 413843  -2.32 -4.05 0  1.68 0 0   2.342281122259631e-05 -1.343584219058724e-05 0   3.876728780375738e-05 -9.218200477162722e-06 0  
15 442162  -2.24 -4.05 0  1.76 0 0   2.25908487481441e-05 -1.276273749972225e-05 0   3.554964572781254e-05 -8.665779455825987e-06 0  
15 427203  -2.16 -4.05 0  1.84 0 0   2.26715428449601e-05 -1.11898081130192e-05 0   3.384141971766313e-05 -7.276993175738336e-06 0  
15 437062  -2.08 -4.05 0  1.92 0 0   2.202796069438706e-05 -1.076977603562193e-05 0   3.211144483318296e-05 -6.785785134997419e-06 0  
15 417152  -2 -4.05 0  2 0 0   2.171280043550793e-05 -9.964097957428086e-06 0   3.068313008323768e-05 -6.407333252102937e-06 0  
15 422473  -1.92 -4.05 0  2.08 0 0   2.066063073322133e-05 -8.764195295007243e-06 0   2.855833972753086e-05 -5.524649610013158e-06 0  
15 406047  -1.84 -4.05 0  2.16 0 0   2.059092790128968e-05 -8.112409353918174e-06 0   2.715031943195927e-05 -4.772937562463539e-06 0  
15 436989  -1.76 -4.05 0  2.24 0 0   2.003080249286457e-05 -7.786845855051877e-06 0   2.562932275818573e-05 -4.498700027938743e-06 0  
15 409339  -1.68 -4.05 0  2.32 0 0   1.934804954946412e-05 -6.747211776059886e-06 0   2.39714763480333e-05 -3.171045461016625e-06 0  
15 442609  -1.6 -4.05 0  2.4 0 0   1.87538575321061e-05 -6.459842597360266e-06 0   2.274594336398911e-05 -3.626339275386928e-06 0  
15 430345  -1.52 -4.05 0  2.48 0 0   1.81581311895565e-05 -6.175626725881886e-06 0   2.109363985936148e-05 -3.350559066904804e-06 0  
15 404048  -1.44 -4.05 0  2.56 0 0   1.768615039745604e-05 -5.625783852367117e-06 0   1.948172878462836e-05 -2.988870452417386e-06 0  
15 450042  -1.36 -4.05 0  2.64 0 0   1.709796974418577e-05 -5.067602731487209e-06 0   1.830794994640145e-05 -2.459879560920419e-06 0  
15 446408  -1.28 -4.05 0  2.72 0 0   1.672424398794711e-05 -4.895395663794683e-06 0   1.738741332757161e-05 -2.339339564040588e-06 0  
15 450348  -1.2 -4.05 0  2.8 0 0   1.612337105815452e-05 -4.464114730512447e-06 0   1.579808236158112e-05 -1.932709420183684e-06 0  
15 426576  -1.12 -4.05 0  2.88 0 0   1.587089471936467e-05 -4.334664944965344e-06 0   1.496033635198395e-05 -1.801354915375794e-06 0  
15 404796  -1.04 -4.05 0  2.96 0 0   1.555502834859994e-05 -4.102885344574314e-06 0   1.408605469973255e-05 -1.689023547022869e-06 0  
15 411751  -0.96 -4.05 0  3.04 0 0   1.525895081052296e-05 -3.945260424069452e-06 0   1.335898333884675e-05 -1.575208884758636e-06 0  
15 456698  -0.8799999999999999 -4.05 0  3.12 0 0   1.464713186186562e-05 -3.663519877076388e-06 0   1.192392695943678e-05 -1.1721988720792e-06 0  
15 425455  -0.7999999999999998 -4.05 0  3.2 0 0   1.431147686713728e-05 -3.52296940491284e-06 0   1.097276934124841e-05 -1.012559834734014e-06 0  
15 427978  -0.7200000000000002 -4.05 0  3.28 0 0   1.386237066039811e-05 -3.253161657348902e-06 0   9.773265131662531e-06 -3.823132281987468e-07 0  
15 439013  -0.6400000000000001 -4.05 0  3.36 0 0   1.347062095854654e-05 -3.389271547030864e-06 0   8.727934491872813e-06 -8.460679714900748e-07 0  
15 424864  -0.5600000000000001 -4.05 0  3.44 0 0   1.308453950476726e-05 -3.390377335415334e-06 0   7.591870744168977e-06 -8.72567899724494e-07 0  
15 416422  -0.48 -4.05 0  3.52 0 0   1.273097229844799e-05 -3.298064466038947e-06 0   6.532883828903576e-06 -5.905561787054869e-07 0  
15 427843  -0.3999999999999999 -4.05 0  3.6 0 0   1.248517808158378e-05 -3.296695398051497e-06 0   5.702778338913944e-06 -4.912118581924807e-07 0  
15 447488  -0.3199999999999998 -4.05 0  3.68 0 0   1.225556120388813e-05 -3.284027115777605e-06 0   4.939828528798332e-06 -3.717433839055262e-07 0  
15 405014  -0.2400000000000002 -4.05 0  3.76 0 0   1.1890438588597e-05 -3.368327286649292e-06 0   3.697858091421475e-06 -4.685093650206446e-07 0  
15 442585  -0.1600000000000001 -4.05 0  3.84 0 0   1.170396471907205e-05 -3.409067996056059e-06 0   2.861507835304894e-06 -2.776609954180387e-07 0  
15 454141  -0.08000000000000007 -4.05 0  3.92 0 0   1.156238745775133e-05 -3.462015879630159e-06 0   2.259561112273947e-06 -2.693285598379808e-07 0  
15 448909  0 -4.05 0  4 0 0   1.130018046864925e-05 -3.65591345763373e-06 0   1.175137089004172e-06 -7.450456338245395e-07 0  
15 440450  0.08000000000000007 -4.05 0  4.08 0 0   1.102391001411504e-05 -3.688857573217255e-06 0   -2.336803637450341e-07 -2.846724410305104e-07 0  
15 420332  0.1600000000000001 -4.05 0  4.16 0 0   1.102663507412699e-05 -3.772782032583633e-06 0   -2.353367243732789e-07 -2.336610249835391e-07 0  
15 435793  0.2400000000000002 -4.05 0  4.24 0 0   1.068117981049312e-05 -3.96938023529414e-06 0   -1.970575828210211e-06 -2.886315842425685e-07 0  
15 424680  0.3200000000000003 -4.05 0  4.32 0 0   1.061791858951596e-05 -4.017366741423944e-06 0   -2.751374114861758e-06 -2.068849886231738e-07 0  
15 427337  0.4000000000000004 -4.05 0  4.4 0 0   1.049577960067147e-05 -4.242465246780125e-06 0   -3.497288057289702e-06 -3.728886920593977e-07 0  
15 450514  0.4800000000000004 -4.05 0  4.48 0 0   1.04753015058856e-05 -4.343492033643398e-06 0   -4.60831854372408e-06 -4.672473975335378e-07 0  
15 441399  0.5599999999999996 -4.05 0  4.56 0 0   1.031205914781615e-05 -4.603248512341507e-06 0   -5.729910129118228e-06 -5.660699933414393e-07 0  
15 420150  0.6399999999999997 -4.05 0  4.64 0 0   1.031383229857345e-05 -4.835830572414573e-06 0   -6.483011392676569e-06 -5.620539687920673e-07 0  
15 430053  0.7199999999999998 -4.05 0  4.72 0 0   1.02473505284497e-05 -4.914177621110488e-06 0   -7.344168251302054e-06 -7.439425292309759e-07 0  
15 403889  0.7999999999999998 -4.05 0  4.8 0 0   1.036242794604653e-05 -5.233262719355706e-06 0   -8.547532558357898e-06 -6.2980372863414e-07 0  
15 438906  0.8799999999999999 -4.05 0  4.88 0 0   1.038314699807353e-05 -5.423374672113707e-06 0   -9.293116251789073e-06 -8.986841119121292e-07 0  
15 419917  0.96 -4.05 0  4.96 0 0   1.027749259768264e-05 -5.570455564155724e-06 0   -1.059208541772955e-05 -1.127691957491378e-06 0  
15 418360  1.04 -4.05 0  5.04 0 0   1.054475017830958e-05 -5.931874276689925e-06 0   -1.259244455190968e-05 -1.357820510571386e-06 0  
15 438879  1.12 -4.05 0  5.12 0 0   1.05416211780635e-05 -6.136217529616184e-06 0   -1.259609376782131e-05 -1.596137094451652e-06 0  
15 438196  1.2 -4.05 0  5.2 0 0   1.07503841686972e-05 -6.311419363658546e-06 0   -1.397464838009954e-05 -1.733516642283064e-06 0  
15 447295  1.28 -4.05 0  5.28 0 0   1.095793536056919e-05 -6.727196798977822e-06 0   -1.559391868980083e-05 -2.202520479960919e-06 0  
15 450041  1.36 -4.05 0  5.36 0 0   1.106886012953653e-05 -6.883626208251115e-06 0   -1.655950730256213e-05 -2.358932325613461e-06 0  
15 404047  1.44 -4.05 0  5.44 0 0   1.108487502661168e-05 -7.256862377676837e-06 0   -1.781314834562332e-05 -2.998978887438705e-06 0  
15 430344  1.52 -4.05 0  5.52 0 0   1.155373071364679e-05 -7.681666338365395e-06 0   -1.943900525300116e-05 -3.487019970450575e-06 0  
15 442608  1.6 -4.05 0  5.6 0 0   1.190644103567923e-05 -7.831056299709496e-06 0   -2.112643845238182e-05 -3.823423931599915e-06 0  
15 409338  1.68 -4.05 0  5.68 0 0   1.201537573384398e-05 -8.427291640199924e-06 0   -2.241967210775235e-05 -3.501812961577769e-06 0  
15 436988  1.76 -4.05 0  5.76 0 0   1.230918130496611e-05 -8.703868124170303e-06 0   -2.41276061986222e-05 -5.030064582998289e-06 0  
15 406046  1.84 -4.05 0  5.84 0 0   1.265773669486929e-05 -8.865860657771008e-06 0   -2.566679945405301e-05 -5.38192500077958e-06 0  
15 422472  1.92 -4.05 0  5.92 0 0   1.341520495249174e-05 -9.062241389931266e-06 0   -2.692974221092485e-05 -6.26721195777849e-06 0  
15 417151  2 -4.05 0  6 0 0   1.365384006665055e-05 -9.684221887025501e-06 0   -2.915333283760434e-05 -7.458686725971345e-06 0  
15 437061  2.08 -4.05 0  6.08 0 0   1.418226053311912e-05 -1.020619724547561e-05 0   -3.050207409254976e-05 -8.077153665679571e-06 0  
15 427202  2.16 -4.05 0  6.16 0 0   1.458358260945404e-05 -1.030631985017572e-05 0   -3.222485102586693e-05 -8.653451702462719e-06 0  
15 442161  2.24 -4.05 0  6.24 0 0   1.561714690286368e-05 -1.092238369489879e-05 0   -3.365024070205576e-05 -1.042544976266949e-05 0  
15 413842  2.32 -4.05 0  6.32 0 0   1.667620508486595e-05 -1.120323528642705e-05 0   -3.668154288330797e-05 -1.114818093489282e-05 0  
15 442247  2.4 -4.05 0  6.4 0 0   1.688934169639424e-05 -1.156053419279143e-05 0   -3.855904640674007e-05 -1.185418168338226e-05 0  
15 422777  2.48 -4.05 0  6.48 0 0   1.822528109446213e-05 -1.206679989410042e-05 0   -4.146318993343903e-05 -1.49226432432318e-05 0  
15 414149  2.56 -4.05 0  6.56 0 0   1.923296530031201e-05 -1.225025299311094e-05 0   -4.3116548012308e-05 -1.545354969811376e-05 0  
15 451518  2.64 -4.05 0  6.64 0 0   1.999976408396074e-05 -1.283314105010244e-05 0   -4.538994379392307e-05 -1.766967746259437e-05 0  
15 424897  2.72 -4.05 0  6.72 0 0   2.190489636092786e-05 -1.340391561957879e-05 0   -4.907854485687591e-05 -2.11856942859568e-05 0  
15 430557  2.8 -4.05 0  6.8 0 0   2.339601629139029e-05 -1.377731223190654e-05 0   -4.959056948320752e-05 -2.266458212898427e-05 0  
15 424768  2.88 -4.05 0  6.88 0 0   2.478741939207843e-05 -1.459412227059614e-05 0   -5.31407264353443e-05 -2.582717816525422e-05 0  
15 443351  2.96 -4.05 0  6.96 0 0   2.670772631968793e-05 -1.407694357183006e-05 0   -5.526876217674861e-05 -3.048341865444053e-05 0  
15 422797  3.04 -4.05 0  7.04 0 0   2.921408305340016e-05 -1.443321477205897e-05 0   -6.101004204697486e-05 -3.213166244105461e-05 0  
15 430622  3.12 -4.05 0  7.12 0 0   3.103994423312578e-05 -1.503446519452584e-05 0   -6.297919109473325e-05 -3.710601169758937e-05 0  
15 403280  3.2 -4.05 0  7.2 0 0   3.349979825938414e-05 -1.489616579033841e-05 0   -6.733710816111006e-05 -3.998704733376452e-05 0  
15 432463  3.28 -4.05 0  7.28 0 0   3.831116561290801e-05 -1.471119716638797e-05 0   -7.200837549450022e-05 -5.028247454451872e-05 0  
15 447982  3.36 -4.05 0  7.36 0 0   4.056016385665592e-05 -1.425362626101753e-05 0   -7.093557315761452e-05 -5.406702282979674e-05 0  
15 429988  3.44 -4.05 0  7.44 0 0   4.796812908532642e-05 -1.289413171905521e-05 0   -8.348341296032617e-05 -6.682065781968109e-05 0  
15 428454  3.52 -4.05 0  7.52 0 0   4.976079943144448e-05 -1.076285668424187e-05 0   -7.936232766635491e-05 -7.573317879541221e-05 0  
15 430127  3.6 -4.05 0  7.6 0 0   5.802804527171163e-05 -9.115532575241364e-06 0   -8.383479417195354e-05 -8.333634468079849e-05 0  
15 422924  3.68 -4.05 0  7.68 0 0   6.316446585349911e-05 -6.272385077346621e-06 0   -9.086545019857013e-05 -0.0001045956636221857 0  
15 433129  3.76 -4.05 0  7.76 0 0   7.1630435175489e-05 2.922120437530429e-06 0   -8.717198660319198e-05 -0.0001324639597047317 0  
15 406318  3.84 -4.05 0  7.84 0 0   8.858247880064521e-05 6.281447798513889e-06 0   -9.810573872070724e-05 -0.0001689580186699288 0  
15 447263  3.92 -4.05 0  7.92 0 0   9.679012196355669e-05 2.535212089389144e-05 0   -6.565329324901246e-05 -0.0002046726937362789 0  
15 404828  4 -4.05 0  8 0 0   0.0001070043294928991 8.311077157013846e-05 0   4.380251102231725e-05 -0.000248594899110742 0  
