15 225771  -5 -4.05 0  0 0 0   -8.918754945315757e-05 -5.502344646728108e-05 0   -8.65373351274755e-05 -0.0002551694536795934 0  
15 213396  -4.9 -4.05 0  0.1 0 0   -1.549773576824294e-05 -7.624418077662462e-05 0   6.05604834572086e-05 -0.0002122596727908918 0  
15 221184  -4.8 -4.05 0  0.2 0 0   -1.052209349946143e-05 -5.882764354056547e-05 0   7.065934580366938e-05 -0.0001524802299965773 0  
15 230329  -4.7 -4.05 0  0.3 0 0   -7.22700060819953e-08 -5.206912247983277e-05 0   7.487627405637198e-05 -0.0001250390124322223 0  
15 232944  -4.6 -4.05 0  0.4 0 0   1.084306401910942e-06 -4.480562682328661e-05 0   6.856606702584402e-05 -9.355450068672909e-05 0  
15 222074  -4.5 -4.05 0  0.5 0 0   5.151783502772432e-06 -4.134852554860645e-05 0   6.408885561609286e-05 -8.315726972422423e-05 0  
15 241796  -4.4 -4.05 0  0.6 0 0   7.112746121200504e-06 -3.890255014232617e-05 0   6.220622072462909e-05 -7.304897864048206e-05 0  
15 210281  -4.3 -4.05 0  0.7000000000000001 0 0   7.996284433330319e-06 -3.599777876574272e-05 0   6.071807268146542e-05 -6.430190244005683e-05 0  
15 227400  -4.2 -4.05 0  0.8 0 0   8.510805284337244e-06 -3.319643711233253e-05 0   5.57292319579468e-05 -5.492478328689675e-05 0  
15 249493  -4.1 -4.05 0  0.8999999999999999 0 0   1.024367635726311e-05 -3.163881109825677e-05 0   5.14297876038532e-05 -4.994948740091702e-05 0  
15 213056  -4 -4.05 0  1 0 0   1.079256813804629e-05 -2.902772181755543e-05 0   4.67718584363226e-05 -4.390068042905114e-05 0  
15 222365  -3.9 -4.05 0  1.1 0 0   1.133761664374837e-05 -2.781405891020411e-05 0   4.591805621696407e-05 -3.843410001892408e-05 0  
15 210417  -3.8 -4.05 0  1.2 0 0   1.211358528344043e-05 -2.580717956471561e-05 0   4.345751197424447e-05 -3.626924257026966e-05 0  
15 224830  -3.7 -4.05 0  1.3 0 0   1.226834135083059e-05 -2.432059390104508e-05 0   4.214463429324123e-05 -3.323471346112702e-05 0  
15 237367  -3.6 -4.05 0  1.4 0 0   1.259722247001012e-05 -2.307214127564034e-05 0   3.824401462106932e-05 -3.006146316798103e-05 0  
15 248434  -3.5 -4.05 0  1.5 0 0   1.288442379430901e-05 -2.131220309130061e-05 0   3.730174956022032e-05 -2.658566485640428e-05 0  
15 245673  -3.4 -4.05 0  1.6 0 0   1.321669057466031e-05 -2.086223069351894e-05 0   3.575058282552328e-05 -2.58447383722684e-05 0  
15 235488  -3.3 -4.05 0  1.7 0 0   1.299442554657335e-05 -1.961006835516938e-05 0   3.251468524625902e-05 -2.358268288419306e-05 0  
15 232124  -3.2 -4.05 0  1.8 0 0   1.31629169895283e-05 -1.814777754443296e-05 0   3.158704555023765e-05 -2.142532199253099e-05 0  
15 215160  -3.1 -4.05 0  1.9 0 0   1.328765525603764e-05 -1.771120841001766e-05 0   3.019864964969639e-05 -2.078287178202028e-05 0  
15 237531  -3 -4.05 0  2 0 0   1.314850384166472e-05 -1.670415916791516e-05 0   2.836156460105967e-05 -1.821618266092083e-05 0  
15 243045  -2.9 -4.05 0  2.1 0 0   1.324074164202717e-05 -1.599059831985418e-05 0   2.671436159339385e-05 -1.783387317894243e-05 0  
15 221232  -2.8 -4.05 0  2.2 0 0   1.297603358641972e-05 -1.489442571667426e-05 0   2.514023553366451e-05 -1.577895809411894e-05 0  
15 212659  -2.7 -4.05 0  2.3 0 0   1.292931349781458e-05 -1.438189937468751e-05 0   2.403163071895177e-05 -1.515938996672541e-05 0  
15 234014  -2.6 -4.05 0  2.4 0 0   1.302315250302846e-05 -1.370223498669502e-05 0   2.283062513126766e-05 -1.492271553129101e-05 0  
15 221110  -2.5 -4.05 0  2.5 0 0   1.296821320893957e-05 -1.3135355896721e-05 0   2.207873872867722e-05 -1.415653152611607e-05 0  
15 247541  -2.4 -4.05 0  2.6 0 0   1.278663874884492e-05 -1.2398556255672e-05 0   2.021557598871557e-05 -1.324553485641117e-05 0  
15 234286  -2.3 -4.05 0  2.7 0 0   1.270416799877862e-05 -1.198126451172534e-05 0   1.946145439723221e-05 -1.267610649399037e-05 0  
15 230059  -2.2 -4.05 0  2.8 0 0   1.24811441508145e-05 -1.132167491106877e-05 0   1.850349622240649e-05 -1.190756531189822e-05 0  
15 229182  -2.1 -4.05 0  2.9 0 0   1.241102870013942e-05 -1.078414149476535e-05 0   1.717489446017607e-05 -1.126776788526289e-05 0  
15 237022  -2 -4.05 0  3 0 0   1.222255825736665e-05 -1.055742715372083e-05 0   1.618010823155108e-05 -1.102565164844138e-05 0  
15 213150  -1.9 -4.05 0  3.1 0 0   1.217755752885808e-05 -1.013585487798403e-05 0   1.575283683901384e-05 -1.057068419216527e-05 0  
15 226570  -1.8 -4.05 0  3.2 0 0   1.187100405176597e-05 -9.645373914937173e-06 0   1.44515144307614e-05 -9.67385743900432e-06 0  
15 226351  -1.7 -4.05 0  3.3 0 0   1.180787121044056e-05 -9.334517127124707e-06 0   1.348897998554571e-05 -9.671599414236287e-06 0  
15 239504  -1.6 -4.05 0  3.4 0 0   1.171232261010669e-05 -9.033055941837405e-06 0   1.29668206452771e-05 -9.39737986604787e-06 0  
15 214184  -1.5 -4.05 0  3.5 0 0   1.150218306619072e-05 -8.563225088236738e-06 0   1.17328610964966e-05 -8.857485824109376e-06 0  
15 237803  -1.4 -4.05 0  3.6 0 0   1.13274754867821e-05 -8.420020995087915e-06 0   1.08858845310417e-05 -8.73742593708593e-06 0  
15 237694  -1.3 -4.05 0  3.7 0 0   1.12556865303798e-05 -8.131082890813334e-06 0   1.05093572776143e-05 -8.478498473607141e-06 0  
15 235267  -1.2 -4.05 0  3.8 0 0   1.102881349947238e-05 -7.823454825780889e-06 0   9.473868054403825e-06 -7.825277744346118e-06 0  
15 238009  -1.1 -4.05 0  3.9 0 0   1.090768562614841e-05 -7.675348097677809e-06 0   8.583214912300137e-06 -8.00934664508049e-06 0  
15 211914  -1 -4.05 0  4 0 0   1.078161013452891e-05 -7.542142565366769e-06 0   7.981686017307418e-06 -8.010612173993056e-06 0  
15 218076  -0.9000000000000004 -4.05 0  4.1 0 0   1.06012531656428e-05 -7.215757292212965e-06 0   7.105555754693439e-06 -7.303373123794185e-06 0  
15 241621  -0.7999999999999998 -4.05 0  4.2 0 0   1.051823108839294e-05 -7.0933712256133e-06 0   6.368125714938978e-06 -7.522145367559394e-06 0  
15 213986  -0.7000000000000002 -4.05 0  4.3 0 0   1.043785478393577e-05 -6.962378848594103e-06 0   5.894529178917043e-06 -7.431154274148595e-06 0  
15 223884  -0.5999999999999996 -4.05 0  4.4 0 0   1.026429043111433e-05 -6.749921549809891e-06 0   4.971187315825493e-06 -6.905035475888478e-06 0  
15 210621  -0.5 -4.05 0  4.5 0 0   1.017056914050197e-05 -6.676808693362006e-06 0   4.172331273943376e-06 -7.174445658160097e-06 0  
15 232865  -0.3999999999999995 -4.05 0  4.600000000000001 0 0   1.011460646583185e-05 -6.578765459882251e-06 0   3.787618403453333e-06 -7.159675333138875e-06 0  
15 216111  -0.3000000000000007 -4.05 0  4.699999999999999 0 0   9.979805517265107e-06 -6.424365568588955e-06 0   2.84391070671814e-06 -6.664629082774563e-06 0  
15 239441  -0.2000000000000002 -4.05 0  4.8 0 0   9.91787740079993e-06 -6.375151843432229e-06 0   2.126103519120223e-06 -6.982214161403016e-06 0  
15 216972  -0.09999999999999964 -4.05 0  4.9 0 0   9.872043167913434e-06 -6.310508387115214e-06 0   1.690281055692112e-06 -6.927393102170061e-06 0  
15 223624  0 -4.05 0  5 0 0   9.76391967800398e-06 -6.245585855510147e-06 0   6.056856699558025e-07 -7.019130589661082e-06 0  
15 244511  0.09999999999999964 -4.05 0  5.1 0 0   9.728239483182931e-06 -6.187286587858859e-06 0   2.225187845442123e-08 -6.986959178811522e-06 0  
15 238096  0.2000000000000002 -4.05 0  5.2 0 0   9.69822625182656e-06 -6.159470045552333e-06 0   -4.479585541897896e-07 -7.081638607249474e-06 0  
15 210007  0.3000000000000007 -4.05 0  5.300000000000001 0 0   9.660346460156448e-06 -6.112722280759465e-06 0   -1.066800439993021e-06 -6.956443279725229e-06 0  
15 221309  0.4000000000000004 -4.05 0  5.4 0 0   9.633292977163465e-06 -6.104164440801953e-06 0   -1.985405539427481e-06 -7.020798152396548e-06 0  
15 211248  0.5 -4.05 0  5.5 0 0   9.628486097701394e-06 -6.085498202055423e-06 0   -2.649245142336519e-06 -7.252977203867431e-06 0  
15 222287  0.6000000000000005 -4.05 0  5.600000000000001 0 0   9.627659512146617e-06 -6.077899541278436e-06 0   -3.091661710414965e-06 -7.361493105859963e-06 0  
15 232298  0.6999999999999993 -4.05 0  5.699999999999999 0 0   9.646469798380193e-06 -6.081597520310802e-06 0   -4.282911128071845e-06 -7.339064926828107e-06 0  
15 248637  0.7999999999999998 -4.05 0  5.8 0 0   9.662627408684593e-06 -6.087924845327164e-06 0   -4.741226818017006e-06 -7.509586643328695e-06 0  
15 240614  0.8999999999999995 -4.05 0  5.899999999999999 0 0   9.695280677593683e-06 -6.112176165727796e-06 0   -5.288675724207485e-06 -7.609836801696947e-06 0  
15 225539  1 -4.05 0  6 0 0   9.771736860317987e-06 -6.1299098583871e-06 0   -6.522284844288039e-06 -7.982748275253519e-06 0  
15 244344  1.1 -4.05 0  6.1 0 0   9.813432341404006e-06 -6.164066158347373e-06 0   -6.96853279330209e-06 -8.103668117395366e-06 0  
15 220235  1.2 -4.05 0  6.2 0 0   9.925918314968377e-06 -6.242286040216739e-06 0   -7.917043932383419e-06 -7.924619398393118e-06 0  
15 226284  1.3 -4.05 0  6.3 0 0   1.001835536662121e-05 -6.228773431890197e-06 0   -8.773486872544131e-06 -8.764472346912966e-06 0  
15 248253  1.4 -4.05 0  6.4 0 0   1.010453085133591e-05 -6.259814880844004e-06 0   -9.414006832273586e-06 -8.924423888637296e-06 0  
15 211616  1.5 -4.05 0  6.5 0 0   1.02130437747306e-05 -6.316377174028255e-06 0   -9.967846276392328e-06 -9.343869799911982e-06 0  
15 242523  1.600000000000001 -4.05 0  6.600000000000001 0 0   1.043090139185836e-05 -6.381294651293563e-06 0   -1.138258260527034e-05 -9.692006216605736e-06 0  
15 226350  1.7 -4.05 0  6.7 0 0   1.053143756763256e-05 -6.44818426090172e-06 0   -1.190992189820106e-05 -9.988783025981565e-06 0  
15 226569  1.800000000000001 -4.05 0  6.800000000000001 0 0   1.078154010668471e-05 -6.599568129572395e-06 0   -1.283396576914377e-05 -1.006335521065108e-05 0  
15 213149  1.899999999999999 -4.05 0  6.899999999999999 0 0   1.103256606534066e-05 -6.569152571076105e-06 0   -1.412733761112488e-05 -1.10257174284964e-05 0  
15 237021  2 -4.05 0  7 0 0   1.114843949438218e-05 -6.641176756509541e-06 0   -1.453577207706676e-05 -1.155982380660059e-05 0  
15 229181  2.1 -4.05 0  7.1 0 0   1.138194065690434e-05 -6.679474444290165e-06 0   -1.550390997493052e-05 -1.184458041946553e-05 0  
15 230058  2.199999999999999 -4.05 0  7.199999999999999 0 0   1.181094011855447e-05 -6.751069514291178e-06 0   -1.673461019566962e-05 -1.258239542838158e-05 0  
15 234287  2.3 -4.05 0  7.3 0 0   1.203417796835204e-05 -6.845372309331917e-06 0   -1.766579083668264e-05 -1.347410022791134e-05 0  
15 247540  2.4 -4.05 0  7.4 0 0   1.226837536620097e-05 -6.874585437514902e-06 0   -1.836680335665607e-05 -1.411316019478241e-05 0  
15 221109  2.5 -4.05 0  7.5 0 0   1.287892184374155e-05 -6.961902160471968e-06 0   -2.007686364295918e-05 -1.515644957251431e-05 0  
15 234013  2.6 -4.05 0  7.6 0 0   1.314313770473452e-05 -7.005256787030907e-06 0   -2.075470472653017e-05 -1.601660159635497e-05 0  
15 212660  2.7 -4.05 0  7.7 0 0   1.368728461304414e-05 -7.336652462507781e-06 0   -2.176871018473667e-05 -1.645530236167592e-05 0  
15 221233  2.800000000000001 -4.05 0  7.800000000000001 0 0   1.41139309940818e-05 -7.411546540695216e-06 0   -2.274257721615169e-05 -1.717133772280617e-05 0  
15 243044  2.9 -4.05 0  7.9 0 0   1.45979970901074e-05 -7.269512502979143e-06 0   -2.418697984190882e-05 -1.932412162306951e-05 0  
15 237530  3 -4.05 0  8 0 0   1.535730563963569e-05 -7.584066129277117e-06 0   -2.555356553793874e-05 -1.99100665311024e-05 0  
15 215161  3.100000000000001 -4.05 0  8.100000000000001 0 0   1.605109428770698e-05 -7.166006187952351e-06 0   -2.715376753338172e-05 -2.244610921392672e-05 0  
15 232125  3.199999999999999 -4.05 0  8.199999999999999 0 0   1.673844272396716e-05 -7.187148527714078e-06 0   -2.826962479790941e-05 -2.314633561619969e-05 0  
15 235487  3.299999999999999 -4.05 0  8.299999999999999 0 0   1.726116568860625e-05 -7.268237915501047e-06 0   -2.897870292363231e-05 -2.549387893000486e-05 0  
15 245672  3.4 -4.05 0  8.4 0 0   1.852219271633419e-05 -7.169046996003021e-06 0   -3.174011875724768e-05 -2.784199631443093e-05 0  
15 248435  3.5 -4.05 0  8.5 0 0   1.944670830898222e-05 -7.167034692209806e-06 0   -3.288509954893796e-05 -2.862429163612984e-05 0  
15 237366  3.6 -4.05 0  8.6 0 0   2.007416735053807e-05 -6.921186124341644e-06 0   -3.354379762500817e-05 -3.215165852409572e-05 0  
15 224829  3.699999999999999 -4.05 0  8.699999999999999 0 0   2.204851090735829e-05 -6.447933654786867e-06 0   -3.65861509179161e-05 -3.52187070527879e-05 0  
15 210418  3.800000000000001 -4.05 0  8.800000000000001 0 0   2.27458035648837e-05 -6.232297231466982e-06 0   -3.758620613845054e-05 -3.825823032289725e-05 0  
15 222366  3.9 -4.05 0  8.9 0 0   2.443168228802653e-05 -6.823154361274182e-06 0   -3.926216404586107e-05 -4.079693957973179e-05 0  
15 213055  4 -4.05 0  9 0 0   2.523461034242662e-05 -5.364041971617911e-06 0   -3.973286065525605e-05 -4.566420143540563e-05 0  
15 249492  4.1 -4.05 0  9.1 0 0   2.771550407809284e-05 -4.79539019364577e-06 0   -4.324218598910669e-05 -5.153280727169477e-05 0  
15 227401  4.200000000000001 -4.05 0  9.200000000000001 0 0   3.098478205021377e-05 -3.893217935102729e-06 0   -4.597817884156711e-05 -5.611246977254257e-05 0  
15 210280  4.300000000000001 -4.05 0  9.300000000000001 0 0   3.354447395986088e-05 -2.167706396483809e-06 0   -4.973192803584079e-05 -6.466462317628475e-05 0  
15 241797  4.399999999999999 -4.05 0  9.399999999999999 0 0   3.490004382947481e-05 -8.839309922712563e-07 0   -5.055874311440597e-05 -7.273690045228598e-05 0  
15 222073  4.5 -4.05 0  9.5 0 0   3.733969946600243e-05 1.26116751603296e-06 0   -5.127554035308079e-05 -8.168517373312312e-05 0  
15 232945  4.6 -4.05 0  9.6 0 0   4.270591548158819e-05 2.550730150884667e-06 0   -5.322878986366124e-05 -9.123848971928639e-05 0  
15 230330  4.699999999999999 -4.05 0  9.699999999999999 0 0   4.623778175588764e-05 8.69077565327555e-06 0   -5.775893582172283e-05 -0.0001188589396254906 0  
15 221185  4.800000000000001 -4.05 0  9.800000000000001 0 0   5.42184271857839e-05 1.312982115601879e-05 0   -5.049471382771167e-05 -0.0001430639440880973 0  
15 213397  4.9 -4.05 0  9.9 0 0   5.532024157317225e-05 1.889336719647881e-05 0   -4.064775532807569e-05 -0.0001968356592798107 0  
15 225772  5 -4.05 0  10 0 0   7.675065593382158e-05 5.734165017796597e-05 0   0.0001036392788044266 -0.0002214340922359857 0  
