15 228119  -5 -4.05 0  0 0 0   -8.135155451820556e-05 -2.218238921165849e-06 0   -0.0001843731104016755 -0.0002581589132795159 0  
15 215744  -4.9 -4.05 0  0.1 0 0   -3.953619159227976e-05 -2.857183349802886e-05 0   7.257121319992343e-07 -0.0002401927799288439 0  
15 223532  -4.8 -4.05 0  0.2 0 0   -3.711421816373923e-05 -2.343454474995144e-05 0   1.343380126080096e-05 -0.0001793077001879112 0  
15 232677  -4.7 -4.05 0  0.3 0 0   -3.110485864100563e-05 -2.283708981353156e-05 0   2.881619371034386e-05 -0.0001530495457271464 0  
15 235292  -4.6 -4.05 0  0.4 0 0   -2.942825123061635e-05 -2.341589890812712e-05 0   2.621866684801577e-05 -0.0001241146214529948 0  
15 224422  -4.5 -4.05 0  0.5 0 0   -2.612408318907074e-05 -2.326812852189658e-05 0   2.861585161012363e-05 -0.0001134224936588935 0  
15 244144  -4.4 -4.05 0  0.6 0 0   -2.453936394082958e-05 -2.386139180635084e-05 0   3.003076637492219e-05 -0.0001043018845239552 0  
15 212629  -4.3 -4.05 0  0.7000000000000001 0 0   -2.367975086280127e-05 -2.407693271902402e-05 0   3.031416291427586e-05 -9.551304473549155e-05 0  
15 229748  -4.2 -4.05 0  0.8 0 0   -2.213529475812281e-05 -2.46756516330555e-05 0   2.820330193697984e-05 -8.66037022165117e-05 0  
15 251841  -4.1 -4.05 0  0.8999999999999999 0 0   -1.984587022764775e-05 -2.505737727966865e-05 0   2.822346340789102e-05 -8.184900416624563e-05 0  
15 215404  -4 -4.05 0  1 0 0   -1.804825278041281e-05 -2.516688838296016e-05 0   2.658139104594337e-05 -7.515486942044625e-05 0  
15 224713  -3.9 -4.05 0  1.1 0 0   -1.73933527693724e-05 -2.614124178747105e-05 0   2.691337675567174e-05 -7.074091271914995e-05 0  
15 212765  -3.8 -4.05 0  1.2 0 0   -1.600206240235822e-05 -2.553847244888543e-05 0   2.67979494511239e-05 -6.689497805768829e-05 0  
15 227178  -3.7 -4.05 0  1.3 0 0   -1.541401385808639e-05 -2.562106414246259e-05 0   2.63884063331013e-05 -6.335628191721232e-05 0  
15 239715  -3.6 -4.05 0  1.4 0 0   -1.363858084486047e-05 -2.597075736318968e-05 0   2.505194469505905e-05 -6.01078729448451e-05 0  
15 250782  -3.5 -4.05 0  1.5 0 0   -1.303195051530052e-05 -2.614617848757184e-05 0   2.503953735571995e-05 -5.601935537077884e-05 0  
15 248021  -3.4 -4.05 0  1.6 0 0   -1.210216323026063e-05 -2.613434945268524e-05 0   2.483534182338987e-05 -5.504141949605468e-05 0  
15 237836  -3.3 -4.05 0  1.7 0 0   -1.075616528376362e-05 -2.622148159424397e-05 0   2.312097281594386e-05 -5.224231347412955e-05 0  
15 234472  -3.2 -4.05 0  1.8 0 0   -1.01630871896484e-05 -2.612379264125371e-05 0   2.297738822908818e-05 -4.918837265870113e-05 0  
15 217508  -3.1 -4.05 0  1.9 0 0   -9.346326278513676e-06 -2.609726216133874e-05 0   2.258676473067961e-05 -4.827790928180198e-05 0  
15 239879  -3 -4.05 0  2 0 0   -8.470126031894128e-06 -2.664926336717931e-05 0   2.163325674758854e-05 -4.574395311643387e-05 0  
15 245393  -2.9 -4.05 0  2.1 0 0   -7.45475239738772e-06 -2.626478370502732e-05 0   2.111304498794014e-05 -4.453194264059102e-05 0  
15 223580  -2.8 -4.05 0  2.2 0 0   -6.747639622992681e-06 -2.65265067663379e-05 0   2.009748160056168e-05 -4.208475182840288e-05 0  
15 215007  -2.7 -4.05 0  2.3 0 0   -6.103011128414304e-06 -2.64542376547305e-05 0   1.959475750638873e-05 -4.107700834167505e-05 0  
15 236362  -2.6 -4.05 0  2.4 0 0   -5.240306171311717e-06 -2.597762638596561e-05 0   1.927128704297398e-05 -3.996715150587915e-05 0  
15 223458  -2.5 -4.05 0  2.5 0 0   -4.790439458028737e-06 -2.594346343020638e-05 0   1.889998978343854e-05 -3.882095545268416e-05 0  
15 249889  -2.4 -4.05 0  2.6 0 0   -3.669286817474483e-06 -2.584174644508497e-05 0   1.791476650964824e-05 -3.736410969537585e-05 0  
15 236634  -2.3 -4.05 0  2.7 0 0   -3.205055489560911e-06 -2.582484778588081e-05 0   1.750268653984144e-05 -3.651918339639404e-05 0  
15 232407  -2.2 -4.05 0  2.8 0 0   -2.724220106490281e-06 -2.570039775476752e-05 0   1.680144033237851e-05 -3.523447726054563e-05 0  
15 231530  -2.1 -4.05 0  2.9 0 0   -1.769482960232776e-06 -2.560589956535943e-05 0   1.61856099895677e-05 -3.418313698191899e-05 0  
15 239370  -2 -4.05 0  3 0 0   -1.181702733437685e-06 -2.554073786856584e-05 0   1.5518390074791e-05 -3.375087466900295e-05 0  
15 215498  -1.9 -4.05 0  3.1 0 0   -8.824226682580417e-07 -2.542353029661077e-05 0   1.528379688144066e-05 -3.294519862153539e-05 0  
15 228918  -1.8 -4.05 0  3.2 0 0   -1.530760068619609e-07 -2.559089424988576e-05 0   1.431503790828847e-05 -3.186346488409653e-05 0  
15 228699  -1.7 -4.05 0  3.3 0 0   6.079768853717651e-07 -2.520613520637545e-05 0   1.383438573472617e-05 -3.140506826580791e-05 0  
15 241852  -1.6 -4.05 0  3.4 0 0   9.520470550768764e-07 -2.505894886197652e-05 0   1.348063110681585e-05 -3.085298556142202e-05 0  
15 216532  -1.5 -4.05 0  3.5 0 0   1.800660976093455e-06 -2.491367277377018e-05 0   1.265965358021592e-05 -2.994941226480002e-05 0  
15 240151  -1.4 -4.05 0  3.6 0 0   2.350602880890097e-06 -2.482293152957947e-05 0   1.204576672948071e-05 -2.969435572869328e-05 0  
15 240042  -1.3 -4.05 0  3.7 0 0   2.605726948888597e-06 -2.46466643056731e-05 0   1.177864198878553e-05 -2.917379186574004e-05 0  
15 237615  -1.2 -4.05 0  3.8 0 0   3.265855896817087e-06 -2.481149376264147e-05 0   1.099744074765929e-05 -2.845187546786365e-05 0  
15 240357  -1.1 -4.05 0  3.9 0 0   3.953473100657074e-06 -2.439271603535279e-05 0   1.041821948465083e-05 -2.83353193549496e-05 0  
15 214262  -1 -4.05 0  4 0 0   4.345086687432189e-06 -2.416981034918412e-05 0   9.961700066361823e-06 -2.815923280717614e-05 0  
15 220424  -0.9000000000000004 -4.05 0  4.1 0 0   4.912354788744102e-06 -2.4313096374135e-05 0   9.295668484704533e-06 -2.738792929124489e-05 0  
15 243969  -0.7999999999999998 -4.05 0  4.2 0 0   5.512473479186899e-06 -2.386506066052009e-05 0   8.814997302340755e-06 -2.734660976720649e-05 0  
15 216334  -0.7000000000000002 -4.05 0  4.3 0 0   5.845440457565151e-06 -2.370412782322579e-05 0   8.468462418094458e-06 -2.714209214242647e-05 0  
15 226232  -0.5999999999999996 -4.05 0  4.4 0 0   6.44198265936733e-06 -2.380814107754347e-05 0   7.768456520909628e-06 -2.661293494383987e-05 0  
15 212969  -0.5 -4.05 0  4.5 0 0   7.061553826049954e-06 -2.336803889450454e-05 0   7.21882448144473e-06 -2.668547568863977e-05 0  
15 235213  -0.3999999999999995 -4.05 0  4.600000000000001 0 0   7.32919365850084e-06 -2.315448443548137e-05 0   6.939708703440628e-06 -2.657983791717888e-05 0  
15 218459  -0.3000000000000007 -4.05 0  4.699999999999999 0 0   7.962452690471727e-06 -2.327374836358712e-05 0   6.256449054414803e-06 -2.614629681418901e-05 0  
15 241789  -0.2000000000000002 -4.05 0  4.8 0 0   8.526331322105188e-06 -2.281064466124784e-05 0   5.766993772464424e-06 -2.630357804447869e-05 0  
15 219320  -0.09999999999999964 -4.05 0  4.9 0 0   8.834973486680255e-06 -2.26736799954011e-05 0   5.461705897824576e-06 -2.622869987523035e-05 0  
15 225972  0 -4.05 0  5 0 0   9.559931993849359e-06 -2.237336698481711e-05 0   4.712146485133517e-06 -2.625873339613671e-05 0  
15 246859  0.09999999999999964 -4.05 0  5.1 0 0   9.994564684103879e-06 -2.218584906146879e-05 0   4.319470153738014e-06 -2.622930834293713e-05 0  
15 240444  0.2000000000000002 -4.05 0  5.2 0 0   1.031657709485326e-05 -2.197719995279028e-05 0   4.006579656795628e-06 -2.629762124073398e-05 0  
15 212355  0.3000000000000007 -4.05 0  5.300000000000001 0 0   1.07030466993405e-05 -2.184677627416285e-05 0   3.608734157778404e-06 -2.624732884333458e-05 0  
15 223657  0.4000000000000004 -4.05 0  5.4 0 0   1.134062428634417e-05 -2.172523085947845e-05 0   3.023431300177432e-06 -2.630689709608169e-05 0  
15 213596  0.5 -4.05 0  5.5 0 0   1.183374947524374e-05 -2.136512045917884e-05 0   2.597108418350702e-06 -2.65176625868363e-05 0  
15 224635  0.6000000000000005 -4.05 0  5.600000000000001 0 0   1.212949519139705e-05 -2.11414380900032e-05 0   2.327696929253775e-06 -2.665352719700975e-05 0  
15 234646  0.6999999999999993 -4.05 0  5.699999999999999 0 0   1.295865846199585e-05 -2.098418361340393e-05 0   1.600487610199652e-06 -2.674790166699859e-05 0  
15 250985  0.7999999999999998 -4.05 0  5.8 0 0   1.326326613140154e-05 -2.075863764190201e-05 0   1.335098349375397e-06 -2.693521183755321e-05 0  
15 242962  0.8999999999999995 -4.05 0  5.899999999999999 0 0   1.3594632615372e-05 -2.053803589716074e-05 0   1.056677765523539e-06 -2.71416936271085e-05 0  
15 227887  1 -4.05 0  6 0 0   1.444245889640388e-05 -2.015428964745672e-05 0   3.43942720221202e-07 -2.751744010248691e-05 0  
15 246692  1.1 -4.05 0  6.1 0 0   1.472840517371954e-05 -1.997680750961614e-05 0   1.15221501520435e-07 -2.773069849376641e-05 0  
15 222583  1.2 -4.05 0  6.2 0 0   1.532721031277922e-05 -2.000149349178559e-05 0   -3.35885729785268e-07 -2.780793528865677e-05 0  
15 228632  1.3 -4.05 0  6.3 0 0   1.590029440619702e-05 -1.934938134915895e-05 0   -8.023025037454112e-07 -2.846950699081363e-05 0  
15 250601  1.4 -4.05 0  6.4 0 0   1.63147308651758e-05 -1.919537596323977e-05 0   -1.121431894908487e-06 -2.868514447457171e-05 0  
15 213964  1.5 -4.05 0  6.5 0 0   1.665095933386929e-05 -1.883752002070299e-05 0   -1.326547899145603e-06 -2.917699425834808e-05 0  
15 244871  1.600000000000001 -4.05 0  6.600000000000001 0 0   1.756344818164453e-05 -1.855264407872505e-05 0   -2.034685223230304e-06 -2.961996223822816e-05 0  
15 228698  1.7 -4.05 0  6.7 0 0   1.789317570510904e-05 -1.832045598850742e-05 0   -2.268265726419749e-06 -3.001318834518207e-05 0  
15 228917  1.800000000000001 -4.05 0  6.800000000000001 0 0   1.845497428391765e-05 -1.822995581444e-05 0   -2.548411872874135e-06 -3.037767721178475e-05 0  
15 215497  1.899999999999999 -4.05 0  6.899999999999999 0 0   1.926195604719239e-05 -1.760456962504077e-05 0   -3.17083017258718e-06 -3.113924209133256e-05 0  
15 239369  2 -4.05 0  7 0 0   1.950901647200997e-05 -1.726123806073147e-05 0   -3.305646546464258e-06 -3.172862575546997e-05 0  
15 231529  2.1 -4.05 0  7.1 0 0   2.009798267763952e-05 -1.708638324497344e-05 0   -3.713064291602231e-06 -3.204324924123425e-05 0  
15 232406  2.199999999999999 -4.05 0  7.199999999999999 0 0   2.084106569178693e-05 -1.664580479907377e-05 0   -4.029004113292184e-06 -3.280121795276592e-05 0  
15 236635  2.3 -4.05 0  7.3 0 0   2.139075113925457e-05 -1.614429530503655e-05 0   -4.458776593802005e-06 -3.372460575085112e-05 0  
15 249888  2.4 -4.05 0  7.4 0 0   2.180524428795289e-05 -1.579456932295333e-05 0   -4.683148951550864e-06 -3.432134867152603e-05 0  
15 223457  2.5 -4.05 0  7.5 0 0   2.280802082556049e-05 -1.525536519048163e-05 0   -5.205985069624275e-06 -3.535696264178601e-05 0  
15 236361  2.6 -4.05 0  7.6 0 0   2.320194302709178e-05 -1.482459582197648e-05 0   -5.394473819468615e-06 -3.616303335882143e-05 0  
15 215008  2.7 -4.05 0  7.7 0 0   2.381795041950501e-05 -1.467732618539884e-05 0   -5.479347694167802e-06 -3.701537250841436e-05 0  
15 223581  2.800000000000001 -4.05 0  7.800000000000001 0 0   2.438221450420681e-05 -1.43513826342599e-05 0   -5.720378050494412e-06 -3.77301859900564e-05 0  
15 245392  2.9 -4.05 0  7.9 0 0   2.516431905559384e-05 -1.333175235590902e-05 0   -6.302979042194234e-06 -3.938512946183303e-05 0  
15 239878  3 -4.05 0  8 0 0   2.596299490252672e-05 -1.315768208931187e-05 0   -6.480753742432732e-06 -4.029546970933662e-05 0  
15 217509  3.100000000000001 -4.05 0  8.100000000000001 0 0   2.682207996605864e-05 -1.198508127209404e-05 0   -6.978421814608782e-06 -4.194707984620655e-05 0  
15 234473  3.199999999999999 -4.05 0  8.199999999999999 0 0   2.746572226326911e-05 -1.171205898278533e-05 0   -7.093779828486191e-06 -4.258098633035112e-05 0  
15 237835  3.299999999999999 -4.05 0  8.299999999999999 0 0   2.789464742684097e-05 -1.084188098138218e-05 0   -7.078822912467975e-06 -4.470859051153298e-05 0  
15 248020  3.4 -4.05 0  8.4 0 0   2.928116059098661e-05 -9.971699381628243e-06 0   -7.997952450877754e-06 -4.662311475825409e-05 0  
15 250783  3.5 -4.05 0  8.5 0 0   2.995890653199515e-05 -9.702759533142431e-06 0   -7.952871480518264e-06 -4.729991929083854e-05 0  
15 239714  3.6 -4.05 0  8.6 0 0   3.0373040671384e-05 -8.473852825265863e-06 0   -7.838886013189494e-06 -5.0084495749253e-05 0  
15 227177  3.699999999999999 -4.05 0  8.699999999999999 0 0   3.194255832401471e-05 -7.395486894258736e-06 0   -8.397718104555252e-06 -5.225314350564003e-05 0  
15 212766  3.800000000000001 -4.05 0  8.800000000000001 0 0   3.244998674388228e-05 -6.468423351441068e-06 0   -8.559016992010227e-06 -5.467723571333377e-05 0  
15 224714  3.9 -4.05 0  8.9 0 0   3.34622680278375e-05 -5.998849016237637e-06 0   -8.350199471998665e-06 -5.745674760992969e-05 0  
15 215403  4 -4.05 0  9 0 0   3.38587635055048e-05 -4.323434584974431e-06 0   -7.98463055932952e-06 -6.030218110832097e-05 0  
15 251840  4.1 -4.05 0  9.1 0 0   3.55114713630777e-05 -2.865549987147303e-06 0   -8.744656990244959e-06 -6.490663065190916e-05 0  
15 229749  4.200000000000001 -4.05 0  9.200000000000001 0 0   3.719676205718984e-05 -1.670594897103424e-06 0   -8.255616108451998e-06 -6.811744075847781e-05 0  
15 212628  4.300000000000001 -4.05 0  9.300000000000001 0 0   3.871542206507509e-05 3.462585594299697e-07 0   -9.401586155241559e-06 -7.416812110926096e-05 0  
15 244145  4.399999999999999 -4.05 0  9.399999999999999 0 0   3.930005189262554e-05 1.91581400464701e-06 0   -9.031223580202585e-06 -8.022380637001669e-05 0  
15 224421  4.5 -4.05 0  9.5 0 0   4.029495852450648e-05 3.680847690761598e-06 0   -7.729655923723044e-06 -8.644743207004979e-05 0  
15 235293  4.6 -4.05 0  9.6 0 0   4.262189306457754e-05 4.919341175401229e-06 0   -5.409690321627608e-06 -9.392672058018692e-05 0  
15 232678  4.699999999999999 -4.05 0  9.699999999999999 0 0   4.423531057622804e-05 8.308989683477371e-06 0   -6.911140013651784e-06 -0.0001140601502330335 0  
15 223533  4.800000000000001 -4.05 0  9.800000000000001 0 0   4.836425133699534e-05 9.768092419314665e-06 0   5.004550790426582e-06 -0.0001326416279660986 0  
15 215745  4.9 -4.05 0  9.9 0 0   5.01779718637802e-05 7.923307522996609e-06 0   1.448830667839102e-05 -0.000176759374846569 0  
15 228120  5 -4.05 0  10 0 0   8.866087169658032e-05 3.974289606192491e-05 0   0.0001550589965353399 -0.0001822274731362317 0  
