15 537807  -2 -4.05 0  0 0 0   1.349583664558666e-05 2.994304256142416e-05 0   -1.741030963536838e-05 -0.0002551250508597835 0  
15 597696  -1.96 -4.05 0  0.04 0 0   -6.274018611867813e-06 1.80023768305824e-05 0   4.388998749010886e-05 -0.0002395008445390673 0  
15 572364  -1.92 -4.05 0  0.08 0 0   -1.494339117221691e-05 1.28980656235924e-06 0   8.393257784268526e-05 -0.0001986123367780923 0  
15 555625  -1.88 -4.05 0  0.12 0 0   -1.35456120475524e-05 -2.232018954085712e-06 0   9.240776028810599e-05 -0.0001895675419920917 0  
15 562107  -1.84 -4.05 0  0.16 0 0   -1.173835162546124e-05 -1.363975154272624e-05 0   9.610100557491674e-05 -0.0001527259641354445 0  
15 551954  -1.8 -4.05 0  0.2 0 0   -8.919120082176001e-06 -1.647565234779032e-05 0   0.0001000551730167276 -0.0001421806087381211 0  
15 553042  -1.76 -4.05 0  0.24 0 0   -5.088990904100407e-06 -2.085300422806878e-05 0   9.782547882436488e-05 -0.0001230849466536399 0  
15 592579  -1.72 -4.05 0  0.28 0 0   -2.685428119482132e-06 -2.318680767423274e-05 0   9.651435275154566e-05 -0.0001108087441389349 0  
15 558482  -1.68 -4.05 0  0.32 0 0   -1.299482408172181e-06 -2.64290687353886e-05 0   9.576702440332319e-05 -9.613315956925883e-05 0  
15 576919  -1.64 -4.05 0  0.36 0 0   1.96001691704314e-06 -2.509718188105185e-05 0   9.046586970759551e-05 -9.210104792352347e-05 0  
15 579748  -1.6 -4.05 0  0.4 0 0   4.028066290245966e-06 -2.678612447887382e-05 0   8.871357695212911e-05 -8.471633864969019e-05 0  
15 576128  -1.56 -4.05 0  0.44 0 0   5.456334777817484e-06 -2.705474238469938e-05 0   8.467197443923213e-05 -7.521141060033015e-05 0  
15 586613  -1.52 -4.05 0  0.48 0 0   7.346664503738581e-06 -2.638123146697169e-05 0   8.16436854730318e-05 -7.166013597038889e-05 0  
15 569185  -1.48 -4.05 0  0.52 0 0   8.343522273620684e-06 -2.701705874733713e-05 0   8.054598831909454e-05 -6.650668394865555e-05 0  
15 541885  -1.44 -4.05 0  0.5600000000000001 0 0   9.913978442687398e-06 -2.679945135359088e-05 0   7.67413574938175e-05 -6.144548681802364e-05 0  
15 573019  -1.4 -4.05 0  0.6 0 0   1.162047976804468e-05 -2.694699534930073e-05 0   7.377464660496269e-05 -5.537887615640613e-05 0  
15 538234  -1.36 -4.05 0  0.64 0 0   1.300084391910082e-05 -2.610363530503024e-05 0   7.10259676355296e-05 -5.271104535091789e-05 0  
15 535484  -1.32 -4.05 0  0.68 0 0   1.431207068604582e-05 -2.585578537942293e-05 0   6.701951841736609e-05 -5.014275058853879e-05 0  
15 590497  -1.28 -4.05 0  0.72 0 0   1.488361593937197e-05 -2.547187014879763e-05 0   6.409660401620818e-05 -4.814009339544623e-05 0  
15 564324  -1.24 -4.05 0  0.76 0 0   1.565606174234102e-05 -2.495084989145638e-05 0   6.293629364682862e-05 -4.46415594611161e-05 0  
15 555472  -1.2 -4.05 0  0.8 0 0   1.635304554124979e-05 -2.475649142458019e-05 0   5.927927971316471e-05 -4.042230059224383e-05 0  
15 536260  -1.16 -4.05 0  0.84 0 0   1.704984840594781e-05 -2.446059811941556e-05 0   5.691023090484415e-05 -3.896758749663901e-05 0  
15 548980  -1.12 -4.05 0  0.88 0 0   1.744014316780408e-05 -2.394241491318833e-05 0   5.551264563162517e-05 -3.641744115870371e-05 0  
15 550413  -1.08 -4.05 0  0.92 0 0   1.843962258633262e-05 -2.335172178392778e-05 0   5.167502282370229e-05 -3.447182338345289e-05 0  
15 560172  -1.04 -4.05 0  0.96 0 0   1.906643721677221e-05 -2.26884749202677e-05 0   5.07436916327153e-05 -3.260106718945555e-05 0  
15 592504  -1 -4.05 0  1 0 0   1.937393102374296e-05 -2.256845411252335e-05 0   4.8973362477292e-05 -3.164458756330091e-05 0  
15 570279  -0.96 -4.05 0  1.04 0 0   1.960219619695416e-05 -2.213926371127028e-05 0   4.621165480819811e-05 -2.931945767647992e-05 0  
15 546366  -0.9199999999999999 -4.05 0  1.08 0 0   1.997792102283332e-05 -2.175921201673023e-05 0   4.428617439650867e-05 -2.793588894396681e-05 0  
15 541417  -0.8799999999999999 -4.05 0  1.12 0 0   2.036704860129977e-05 -2.102927675382785e-05 0   4.267588673090468e-05 -2.623155567584023e-05 0  
15 549346  -0.8400000000000001 -4.05 0  1.16 0 0   2.083333598002553e-05 -2.081818844395676e-05 0   4.021428058563481e-05 -2.566190878418306e-05 0  
15 559586  -0.8 -4.05 0  1.2 0 0   2.097511755639377e-05 -2.039974802210687e-05 0   3.793441041449741e-05 -2.405047294531948e-05 0  
15 541581  -0.76 -4.05 0  1.24 0 0   2.11502933391628e-05 -2.005972940848522e-05 0   3.685939897674073e-05 -2.280384706014604e-05 0  
15 545127  -0.72 -4.05 0  1.28 0 0   2.129292610101967e-05 -1.965002730920564e-05 0   3.560737985923434e-05 -2.257627364090492e-05 0  
15 535532  -0.6799999999999999 -4.05 0  1.32 0 0   2.158615487816247e-05 -1.902738749883013e-05 0   3.290863709447256e-05 -2.223935445043457e-05 0  
15 572835  -0.6399999999999999 -4.05 0  1.36 0 0   2.180063186925027e-05 -1.884561371667641e-05 0   3.126643044151778e-05 -2.042282294949238e-05 0  
15 547642  -0.6000000000000001 -4.05 0  1.4 0 0   2.195617308651046e-05 -1.86276487609368e-05 0   2.904261287195453e-05 -1.99427169848207e-05 0  
15 546748  -0.5600000000000001 -4.05 0  1.44 0 0   2.207521343999038e-05 -1.827008631839571e-05 0   2.823287119180229e-05 -1.960318266472361e-05 0  
15 548027  -0.52 -4.05 0  1.48 0 0   2.234869885261569e-05 -1.81062189300871e-05 0   2.598122799749025e-05 -1.929397241705322e-05 0  
15 556219  -0.48 -4.05 0  1.52 0 0   2.255591408936242e-05 -1.770896037085702e-05 0   2.419391706467988e-05 -1.885135253995585e-05 0  
15 587595  -0.4399999999999999 -4.05 0  1.56 0 0   2.256706654195969e-05 -1.74185859928783e-05 0   2.284361783091993e-05 -1.810537428002801e-05 0  
15 561883  -0.3999999999999999 -4.05 0  1.6 0 0   2.272917738285404e-05 -1.731422525775325e-05 0   2.204680423502359e-05 -1.735085213386278e-05 0  
15 546934  -0.3600000000000001 -4.05 0  1.64 0 0   2.296192755490934e-05 -1.715407401520642e-05 0   1.988978296940669e-05 -1.704625080536926e-05 0  
15 565157  -0.3200000000000001 -4.05 0  1.68 0 0   2.305337864457954e-05 -1.698316875196242e-05 0   1.808090666652329e-05 -1.602691308050241e-05 0  
15 558353  -0.28 -4.05 0  1.72 0 0   2.321418252896256e-05 -1.675240281103028e-05 0   1.664558388317361e-05 -1.635699458903128e-05 0  
15 545956  -0.24 -4.05 0  1.76 0 0   2.334701698328018e-05 -1.663104089562502e-05 0   1.467489200654426e-05 -1.559842635452668e-05 0  
15 545128  -0.2 -4.05 0  1.8 0 0   2.340153116519618e-05 -1.64427898224984e-05 0   1.345331122251658e-05 -1.61871381674783e-05 0  
15 579503  -0.1599999999999999 -4.05 0  1.84 0 0   2.354496395774383e-05 -1.620786977630162e-05 0   1.212011739520902e-05 -1.622737388805306e-05 0  
15 535541  -0.1200000000000001 -4.05 0  1.88 0 0   2.368759333481996e-05 -1.617177080315236e-05 0   1.039083464711432e-05 -1.490322652994425e-05 0  
15 539326  -0.08000000000000007 -4.05 0  1.92 0 0   2.377996862697445e-05 -1.601434518276211e-05 0   9.434687157847121e-06 -1.539336422096832e-05 0  
15 572040  -0.04000000000000004 -4.05 0  1.96 0 0   2.400719608683854e-05 -1.596310247359463e-05 0   7.592027944869351e-06 -1.53791865649261e-05 0  
15 542376  0 -4.05 0  2 0 0   2.413980002908753e-05 -1.595416651677551e-05 0   6.172473384302712e-06 -1.466894274166491e-05 0  
15 548303  0.04000000000000004 -4.05 0  2.04 0 0   2.430156815370476e-05 -1.585700569111618e-05 0   4.997572474688822e-06 -1.476434784955516e-05 0  
15 586375  0.08000000000000007 -4.05 0  2.08 0 0   2.450426251940883e-05 -1.584763809356609e-05 0   3.292971254412191e-06 -1.469091183213533e-05 0  
15 569305  0.1200000000000001 -4.05 0  2.12 0 0   2.458935694492001e-05 -1.57590488244555e-05 0   2.542883851069933e-06 -1.505273529341794e-05 0  
15 535036  0.1600000000000001 -4.05 0  2.16 0 0   2.483154132868924e-05 -1.575553060130519e-05 0   7.41401450482515e-07 -1.502226972492637e-05 0  
15 569799  0.2000000000000002 -4.05 0  2.2 0 0   2.5152737292465e-05 -1.57306750552021e-05 0   -1.421489442890445e-06 -1.520468052922108e-05 0  
15 540594  0.2400000000000002 -4.05 0  2.24 0 0   2.528839934673325e-05 -1.565552552946787e-05 0   -2.289695819862603e-06 -1.582208991193768e-05 0  
15 579695  0.2799999999999998 -4.05 0  2.28 0 0   2.548613041200055e-05 -1.579918047736346e-05 0   -3.453919796274352e-06 -1.528551084062357e-05 0  
15 547058  0.3199999999999998 -4.05 0  2.32 0 0   2.575228039860319e-05 -1.56769068994627e-05 0   -4.949752947777664e-06 -1.630184360468245e-05 0  
15 573730  0.3599999999999999 -4.05 0  2.36 0 0   2.594129171886329e-05 -1.578181922268543e-05 0   -6.051432595105544e-06 -1.607503690103512e-05 0  
15 563113  0.3999999999999999 -4.05 0  2.4 0 0   2.630070987555064e-05 -1.594348499878292e-05 0   -7.925995174254408e-06 -1.602435735786195e-05 0  
15 566278  0.4399999999999999 -4.05 0  2.44 0 0   2.673631115656348e-05 -1.587544599960309e-05 0   -1.003290977460991e-05 -1.69778257396749e-05 0  
15 556620  0.48 -4.05 0  2.48 0 0   2.710911880217295e-05 -1.591582121690267e-05 0   -1.140365948798516e-05 -1.712115333281361e-05 0  
15 556027  0.52 -4.05 0  2.52 0 0   2.738418310648362e-05 -1.595832736239582e-05 0   -1.269898023652238e-05 -1.789941099097914e-05 0  
15 585356  0.5600000000000001 -4.05 0  2.56 0 0   2.785172234377742e-05 -1.623876712344464e-05 0   -1.45594355212969e-05 -1.740330570754178e-05 0  
15 549391  0.6000000000000001 -4.05 0  2.6 0 0   2.839853706107596e-05 -1.625014517512473e-05 0   -1.628447321695703e-05 -1.839750663787387e-05 0  
15 552778  0.6400000000000001 -4.05 0  2.64 0 0   2.873286178655884e-05 -1.611836674967216e-05 0   -1.720336564001168e-05 -1.935983430133986e-05 0  
15 548413  0.6800000000000002 -4.05 0  2.68 0 0   2.919303077368162e-05 -1.636330324861167e-05 0   -1.924967409672185e-05 -2.010055386638798e-05 0  
15 573341  0.7200000000000002 -4.05 0  2.72 0 0   2.959821838118383e-05 -1.641080798544473e-05 0   -2.046672475021494e-05 -2.053371576044016e-05 0  
15 556991  0.7599999999999998 -4.05 0  2.76 0 0   3.031127747613179e-05 -1.666939891045542e-05 0   -2.233843108624678e-05 -2.08221157215957e-05 0  
15 563714  0.7999999999999998 -4.05 0  2.8 0 0   3.102779631343477e-05 -1.676383295087704e-05 0   -2.464250814994406e-05 -2.207818960943408e-05 0  
15 540610  0.8399999999999999 -4.05 0  2.84 0 0   3.14920520028618e-05 -1.6702234973201e-05 0   -2.573324329362137e-05 -2.333911859657423e-05 0  
15 544165  0.8799999999999999 -4.05 0  2.88 0 0   3.18717478529542e-05 -1.694723266563785e-05 0   -2.670931156981138e-05 -2.406200685101112e-05 0  
15 547412  0.9199999999999999 -4.05 0  2.92 0 0   3.284745835254246e-05 -1.69824834705028e-05 0   -2.895841621321227e-05 -2.478982537092167e-05 0  
15 574117  0.96 -4.05 0  2.96 0 0   3.365586315369007e-05 -1.752076550259147e-05 0   -3.047748824233643e-05 -2.56631429981502e-05 0  
15 592492  1 -4.05 0  3 0 0   3.441011998299524e-05 -1.746249417574339e-05 0   -3.265919267952944e-05 -2.75074044261657e-05 0  
15 560152  1.04 -4.05 0  3.04 0 0   3.508855794400823e-05 -1.737892586004073e-05 0   -3.420326530211015e-05 -2.830360272816634e-05 0  
15 550388  1.08 -4.05 0  3.08 0 0   3.591767689373475e-05 -1.76843549591155e-05 0   -3.503515496200774e-05 -2.975219836037768e-05 0  
15 548960  1.12 -4.05 0  3.12 0 0   3.771480582647792e-05 -1.792141034294946e-05 0   -3.822644829337696e-05 -3.126869461109877e-05 0  
15 536245  1.16 -4.05 0  3.16 0 0   3.840004365671243e-05 -1.799021704405228e-05 0   -3.937978836651007e-05 -3.326335839630434e-05 0  
15 555448  1.2 -4.05 0  3.2 0 0   3.959311357017506e-05 -1.804262468101461e-05 0   -4.132037883740336e-05 -3.439637242396223e-05 0  
15 564295  1.24 -4.05 0  3.24 0 0   4.100546993497049e-05 -1.751223462557842e-05 0   -4.425253872065993e-05 -3.770147930667878e-05 0  
15 590483  1.28 -4.05 0  3.28 0 0   4.206598485863907e-05 -1.75217552260843e-05 0   -4.521752958194791e-05 -4.038389955912658e-05 0  
15 535476  1.32 -4.05 0  3.32 0 0   4.317668542276522e-05 -1.765396980532921e-05 0   -4.752297213639345e-05 -4.190082607576431e-05 0  
15 538222  1.36 -4.05 0  3.36 0 0   4.526542341513201e-05 -1.757049492400516e-05 0   -5.068569766087522e-05 -4.385153728196645e-05 0  
15 572995  1.4 -4.05 0  3.4 0 0   4.723019776239554e-05 -1.820007103040195e-05 0   -5.285737401503066e-05 -4.582924458648718e-05 0  
15 541865  1.44 -4.05 0  3.44 0 0   4.960215012101386e-05 -1.732974826398111e-05 0   -5.519332670872457e-05 -5.040503823711129e-05 0  
15 569163  1.48 -4.05 0  3.48 0 0   5.186004465998787e-05 -1.71250193568822e-05 0   -5.811639388145912e-05 -5.415064067126885e-05 0  
15 586601  1.52 -4.05 0  3.52 0 0   5.317592181637576e-05 -1.595424632528774e-05 0   -5.898884170293939e-05 -5.798298086361064e-05 0  
15 576114  1.56 -4.05 0  3.56 0 0   5.571770193333327e-05 -1.661715471355275e-05 0   -6.132250901925782e-05 -6.051705065818203e-05 0  
15 579727  1.6 -4.05 0  3.6 0 0   5.763767238016601e-05 -1.605206021954193e-05 0   -6.432154533821469e-05 -6.734991196030715e-05 0  
15 576902  1.64 -4.05 0  3.64 0 0   6.031026348483123e-05 -1.390668652142494e-05 0   -6.571494563667457e-05 -7.26924029848669e-05 0  
15 558468  1.68 -4.05 0  3.68 0 0   6.441486387295976e-05 -1.583717569322201e-05 0   -6.966847062558901e-05 -7.538200944041951e-05 0  
15 592568  1.72 -4.05 0  3.72 0 0   6.623836674299159e-05 -1.261681743593059e-05 0   -7.030789318930586e-05 -8.56855351845931e-05 0  
15 553031  1.76 -4.05 0  3.76 0 0   6.948578281928876e-05 -1.10040170151122e-05 0   -7.145673905814554e-05 -9.408806451025736e-05 0  
15 551942  1.8 -4.05 0  3.8 0 0   7.474307374000927e-05 -8.569185355026838e-06 0   -7.34247972217078e-05 -0.0001068972062402071 0  
15 562102  1.84 -4.05 0  3.84 0 0   8.057365891401581e-05 -7.145429272068914e-06 0   -7.155548781842547e-05 -0.0001138698811714439 0  
15 555618  1.88 -4.05 0  3.88 0 0   8.571983542864179e-05 -2.373433401160838e-06 0   -6.998191952818644e-05 -0.0001377824610777623 0  
15 572358  1.92 -4.05 0  3.92 0 0   9.390177981635469e-05 -4.718816194087053e-07 0   -6.609225239522301e-05 -0.0001436840413894525 0  
15 597695  1.96 -4.05 0  3.96 0 0   0.0001078797374762797 9.317759864622618e-06 0   -4.441151791814701e-05 -0.0001705312173207463 0  
15 537808  2 -4.05 0  4 0 0   0.0001197849767688858 3.419261562831455e-05 0   -1.053489341495961e-05 -0.0001847193496227195 0  
